"Edad","Mx","qx","lx","dx","Lx","Tx","P_x1","e_0"
25,0.000448448774919483,0.000448348244309034,1e+05,44.8348244309034,99977.5825877845,5779329.3742134,0.999775825877846,57.793293742134
26,0.000491337506141719,0.000491216829515724,99955.1651755691,49.0996593312636,99930.6153459035,5679351.79162562,0.982700833243063,56.8189926118371
27,0.000275832802885635,0.000275794766263936,99906.0655162378,27.5535699874003,99892.2887312441,5579421.17627971,0.982404573794274,55.8466710449415
28,0.0006145067486009,0.000614317997323329,99878.5119462504,61.3571674344547,99847.8333625332,5479528.88754847,0.982096298957332,54.8619395781274
29,0.000360457781382356,0.000360392828182719,99817.154778816,35.9733867118897,99799.16808546,5379681.05418594,0.98177802591945,53.8953556240581
30,0.000431955622243441,0.000431862349558478,99781.1813921041,43.0917354377147,99759.6355243852,5279881.88610048,0.98144886897936,52.914605864932
31,0.000355917122155841,0.000355853794926542,99738.0896566664,35.4921777030484,99720.3435678149,5180122.25057609,0.981105706969126,51.9372515395863
32,0.000592737674922042,0.000592562057993791,99702.5974789633,59.0799763494611,99673.0574907886,5080401.90700828,0.980749422746399,50.955562196664
33,0.000618412561841256,0.000618221403900171,99643.5175026139,61.6017552800172,99612.7166249739,4980728.84951749,0.980380871569768,49.9854779753919
34,0.000565578869973418,0.000565418975460817,99581.9157473338,56.3055047762829,99553.7629949457,4881116.13289251,0.980000373512679,49.0160898819944
35,0.000558117674705519,0.000557961970486748,99525.6102425576,55.5315056048335,99497.8444897551,4781562.36989757,0.979604303547691,48.0435373191307
36,0.000646691097219228,0.000646482060122832,99470.0787369527,64.3056214224455,99437.9259262415,4682064.52540781,0.97919135278541,47.0700796144886
37,0.000738007380073801,0.000737735153080044,99405.7731155303,73.3351332464259,99369.1055489071,4582626.59948157,0.978761948839742,46.1002058115438
38,0.000989300894034882,0.000988811777846954,99332.4379822839,98.2210845991344,99283.3274399843,4483257.49393266,0.978316124303004,45.1338715227372
39,0.00114733343883526,0.00114667562918883,99234.2168976847,113.789458098213,99177.3221686356,4383974.16649268,0.977854645294332,44.1780497044963
40,0.000861360166007596,0.000860989355040701,99120.4274395865,85.3416328925682,99077.7566231402,4284796.84432404,0.977377302328408,43.2281917562917
41,0.00129957427739189,0.00129873037909492,99035.0858066939,128.619874533426,98970.7758694272,4185719.0877009,0.976876906835295,42.2650119763716
42,0.00127969969713774,0.00127888140506437,98906.4659321605,126.489640121273,98843.2211120999,4086748.31183148,0.976355131867249,41.3193240028873
43,0.000831946755407654,0.000831600831600832,98779.9762920392,82.1455104299703,98738.9035368242,3987905.09071938,0.975813724367135,40.3715939243525
44,0.00124370374976681,0.00124293083089926,98697.8307816093,122.67457682134,98636.4934931986,3889166.18718255,0.975240407860606,39.4047787715638
45,0.0013805480775868,0.00137959577843692,98575.1562047879,135.993869358885,98507.1592701085,3790529.69368935,0.974638138679115,38.4531948984651
46,0.0020253164556962,0.00202326757713708,98439.162335429,199.168765473807,98339.5779526921,3692022.53441925,0.974012297164138,37.505627301447
47,0.00149712394610354,0.00149600409432699,98239.9935699552,146.967432607311,98166.5098536516,3593682.95646655,0.973364307222962,36.5806513811256
48,0.00226027992697557,0.002257728377909,98093.0261373479,221.467408785259,97982.2924329553,3495516.4466129,0.97268359200218,35.6347090538174
49,0.00187063109185783,0.0018688830964442,97871.5587285627,182.910501730457,97780.1034776974,3397534.15417995,0.971969151360195,34.7142131822247
50,0.0017853600476096,0.00178376771380438,97688.6482268322,174.253856712217,97601.5212984761,3299754.05070225,0.971220273574763,33.7782752714548
51,0.00256504213997801,0.00256175663311985,97514.39437012,249.80814660232,97389.4902968188,3202152.52940377,0.970421576942165,32.8377420593914
52,0.00350599411897761,0.0034998588766582,97264.5862235177,340.412325478865,97094.3800607782,3104763.03910695,0.969586242565731,31.9207962492339
53,0.00385756676557863,0.00385014067821709,96924.1738980388,373.171704627426,96737.5880457251,3007668.65904618,0.968727281651515,31.0311508273483
54,0.00379927180623714,0.00379206825722863,96551.0021934114,366.127990621247,96367.9381981007,2910931.07100045,0.967836354661353,30.1491543833927
55,0.00432037221668328,0.00431105952578345,96184.8742027901,414.658718168221,95977.544843706,2814563.13280235,0.966894462339508,29.2620139718466
56,0.00407729126041482,0.00406899601946042,95770.2154846219,389.688625589793,95575.371171827,2718585.58795864,0.965899665306798,28.3865455893766
57,0.00471327572663001,0.00470219435736677,95380.5268590321,448.497775199211,95156.2779714325,2623010.21678682,0.964843714468599,27.5004794287151
58,0.00690880378997237,0.00688502016327334,94932.0290838329,653.60893438264,94605.2246166416,2527853.93881538,0.963722490533034,26.6280407488507
59,0.00778883600173085,0.00775862068965517,94278.4201494502,731.470501159528,93912.6848988705,2433248.71419874,0.962574884899807,25.8091799835164
60,0.00767312488010742,0.00764379896808714,93546.9496482907,715.054077189304,93189.4226096961,2339336.02929987,0.961404403770621,25.0070797401208
61,0.00827015851137147,0.00823610157858613,92831.8955711014,764.572921656292,92449.6091102733,2246146.60669018,0.960164157075977,24.1958498517335
62,0.00808338651350776,0.00805084745762712,92067.3226494451,741.219970482821,91696.7126642037,2153696.9975799,0.958840794792775,23.392631995831
63,0.00916195095661547,0.00912017167381974,91326.1026789623,832.909734733025,90909.6478115958,2062000.2849157,0.957423577797971,22.5784329389838
64,0.0114187838995147,0.0113539596934431,90493.1929442293,1027.45606521975,89979.4649116194,1971090.6371041,0.955911913069734,21.7816453699327
65,0.0126146788990826,0.0125356125356125,89465.7368790095,1121.50781272832,88904.9829726454,1881111.17219248,0.954350417369028,21.0260512886228
66,0.0110987791342952,0.011037527593819,88344.2290662812,975.101866073744,87856.6781332443,1792206.18921984,0.952738049570444,20.2866243574916
67,0.0198752922837101,0.0196797221686282,87369.1272002075,1719.40014941562,86509.4271254997,1704349.51108659,0.950978476326159,19.5074572186243
68,0.0159503766061143,0.0158241758241758,85649.7270507918,1355.3363401444,84972.0588807196,1617840.08396109,0.949241967939812,18.8890279008325
69,0.0175182481751825,0.0173661360347323,84294.3907106475,1463.86785604598,83562.4567826245,1532868.02508037,0.947478085304528,18.1846978447494
70,0.023486901535682,0.0232142857142857,82830.5228546015,1922.85142341039,81869.0971428963,1449305.56829775,0.945486202715826,17.4972403692516
71,0.0231900452488688,0.0229242381884261,80907.6714311911,1854.74673115954,79980.2980656113,1367436.47115485,0.943511500311799,16.9011967217201
72,0.0258711721224921,0.0255407870732343,79052.9247000315,2019.07391727993,78043.3877413916,1287456.17308924,0.941510776001122,16.2860030539607
73,0.0285899935022742,0.0281870595771941,77033.8507827516,2171.3577414741,75948.1719120145,1209412.78534785,0.939381713045713,15.6997576138132
74,0.0358108108108108,0.0351808828410222,74862.4930412775,2633.72859687203,73545.6287428415,1133464.61343584,0.937202440033598,15.1406207219264
75,0.0271464646464646,0.0267829336655248,72228.7644444055,1934.49820685733,71261.5153409768,1059918.98469299,0.935114314226445,14.6744720451201
76,0.0315412186379928,0.0310515172900494,70294.2662375481,2182.74362346656,69202.8944258149,988657.469352018,0.932767016753061,14.0645535158018
77,0.0358306188925081,0.0352,68111.5226140816,2397.52559601567,66912.7598160738,919454.574926203,0.930003164320226,13.4992515163082
78,0.0481832543443918,0.0470497493251061,65713.9970180659,3091.82708685077,64168.0834746405,852541.815110129,0.927225594781075,12.9735193991586
79,0.0593301435406699,0.0576208178438662,62622.1699312151,3608.34064659418,60817.9996079181,788373.731635489,0.924733212685466,12.5893710246938
80,0.0423452768729642,0.0414673046251994,59013.829284621,2447.14443604489,57790.2570665985,727555.732027571,0.92285638502725,12.3285633358683
81,0.0592592592592593,0.0575539568345324,56566.6848485761,3255.63653804754,54938.8665795523,669765.474960972,0.920569305521727,11.8402815500656
82,0.0566706021251476,0.0551090700344432,53311.0483105285,2937.9222949545,51842.0871630513,614826.60838142,0.917972979149524,11.5328178279322
83,0.0686427457098284,0.0663650075414781,50373.126015574,3343.0128879114,48701.6195716183,562984.521218369,0.91568015037682,11.1762871544702
84,0.0919324577861163,0.0878923766816143,47030.1131276626,4133.58841839546,44963.3189184649,514282.90164675,0.91349385687155,10.9351831719123
85,0.0777096114519427,0.0748031496062992,42896.5247092672,3208.79515541762,41292.1271315584,469319.582728286,0.912570846173398,10.9407367125686
86,0.0947630922693267,0.0904761904761905,39687.7295538495,3590.79457868163,37892.3322645087,428027.455596727,0.912017037747465,10.7848813829465
87,0.147651006711409,0.1375,36096.9349751679,4963.32855908559,33615.2706956251,390135.123332218,0.911472192334761,10.8079847665904
88,0.155797101449275,0.14453781512605,31133.6064160823,4499.98344837492,28883.6146918949,356519.852636593,0.913836851169639,11.4512866859019
89,0.110236220472441,0.104477611940299,26633.6229677074,2782.61732498436,25242.3143052152,327636.237944698,0.918984554497344,12.3016023145612
90,0.136612021857924,0.127877237851662,23851.005642723,3050.00072157584,22326.0052819351,302393.923639483,0.922956280832782,12.6784559179266
91,0.228187919463087,0.204819277108434,20801.0049211472,4260.44679107835,18670.781525608,280067.918357548,0.926169133912385,13.4641532665962
92,0.146666666666667,0.136645962732919,16540.5581300689,2260.20048982307,15410.4578851573,261397.13683194,0.933334808088329,15.803404865568
93,0.108433734939759,0.102857142857143,14280.3576402458,1468.83678585385,13545.9392473189,245986.678946783,0.941045804587121,17.2255264989672
94,0.210526315789474,0.19047619047619,12811.5208543919,2440.28968655085,11591.3760111165,232440.739699464,0.944932224357363,18.143102785473
95,0.181818181818182,0.166666666666667,10371.2311678411,1728.53852797352,9506.96190385433,220849.363688347,0.95013190877768,21.2944210879372
96,0.125,0.117647058823529,8642.69263986758,1016.78736939619,8134.29895516948,211342.401784493,0.956952731286697,24.4533053055247
97,0.0833333333333333,0.08,7625.90527047139,610.072421637711,7320.86905965253,203208.102829324,0.961511277971261,26.6470793462613
98,0.130434782608696,0.122448979591837,7015.83284883368,859.081573326573,6586.29206217039,195887.233769671,0.96397353768023,27.9207384198493
99,0.00833333333333333,0.00829875518672199,6156.75127550711,51.0933715809718,6131.20458971662,189300.941707501,0.966377124555678,30.746887966805
99,0.0333333333333333,1,6105.65790392613,6105.65790392613,183169.737117784,183169.737117784,0.967611336032389,30
