"Edad","Mx","qx","lx","dx","Lx","Tx","P_x1","e_0"
25,8.04078550210565e-05,8.04046224394445e-05,1e+05,8.04046224394445,99995.979768878,7708562.99234037,0.99995979768878,77.0856299234037
26,8.84566323670702e-05,8.84527202521916e-05,99991.9595377561,8.8445608244616,99987.5372573438,7608567.01257149,0.98702793505505,76.0917882572205
27,9.73113909668823e-05,9.73066564438379e-05,99983.1149769316,9.72902261924502,99978.250465622,7508579.47531415,0.986858558636319,75.0984751479942
28,0.000107053038787196,0.00010704730891734,99973.3859543124,10.7018819297637,99968.0350133475,7408601.22484853,0.986684798263863,74.1057347825975
29,0.000117770642509398,0.000117763707955623,99962.6840723826,11.7719763335603,99956.7980842158,7308633.18983518,0.986506489959528,73.1136149219745
30,0.000129562260028916,0.000129553867382989,99950.912096049,12.9490272105003,99944.4375824438,7208676.39175096,0.986323462200397,72.1221671776611
31,0.000142535940112167,0.000142525782588962,99937.9630688385,14.243736396733,99930.8412006402,7108731.95416852,0.986135535547578,71.1314473086862
32,0.000156810761932353,0.000156798468088728,99923.7193324418,15.6678861170548,99915.8853893833,7008801.11296788,0.985942522260663,70.1415155459727
33,0.000172517905547325,0.000172503025616985,99908.0514463247,17.2344411579884,99899.4342257457,6908885.22757849,0.985744225898418,69.1524369413837
34,0.000189801893476403,0.000189783882806249,99890.8170051668,18.957667107929,99881.3381716128,6808985.79335275,0.985540440905434,68.1642817377353
35,0.000208821960488065,0.000208800159458741,99871.8593380588,20.8532601552276,99861.4327079812,6709104.45518114,0.985330952185402,67.1771257654403
36,0.000229753451736404,0.000229727061443742,99851.0060779036,22.938478208478,99839.5368387994,6609243.02247316,0.985115534662624,66.1910508674959
37,0.000252789418872135,0.000252757471664946,99828.0675996951,25.2322899676962,99815.4514547113,6509403.48563436,0.984893952832523,65.2061453471853
38,0.000278142540696175,0.000278103864438459,99802.8353097274,27.7555541815503,99788.9575326366,6409588.03417964,0.984665960302661,64.2225044437683
39,0.000306047143918633,0.000306000318656851,99775.0797555459,30.5312061992098,99759.8141524463,6309799.07664701,0.984431299328365,63.2402308482874
40,0.00033676142140467,0.000336704726823471,99744.5485493467,33.5844609714382,99727.7563188609,6210039.26249456,0.984189700346931,62.2594352554743
41,0.000370569583223406,0.000370500935034866,99710.9640883752,36.943005427971,99692.4925856612,6110311.5061757,0.98394088151404,61.2802369532807
42,0.00040778424894266,0.000407701121894768,99674.0210829472,40.6372102192803,99653.7024778376,6010619.01359004,0.983684548245224,60.3027644343564
43,0.000448749661751155,0.000448648996208508,99633.383872728,44.7004176633564,99611.0336638963,5910965.3111122,0.983420392766116,59.3271560329908
44,0.000493844929301827,0.000493723017997369,99588.6834550646,49.1692253538191,99564.0988423877,5811354.27744831,0.983148093683339,58.353560623888
45,0.000543487558723518,0.000543339909483037,99539.5142297108,54.0837906515565,99512.472334385,5711790.17860592,0.982867315587907,57.3821383679312
46,0.000598137167641355,0.000597958337088298,99485.4304390592,59.4881425498534,99455.6863677843,5612277.70627153,0.982577708700309,56.413061505618
47,0.00065829948970057,0.000658082881887906,99425.9422965094,65.4305106409075,99393.2270411889,5512822.01990375,0.982278908569217,55.4465151908074
48,0.000724531268595562,0.00072426889086641,99360.5117858685,71.9637276670698,99324.5299220349,5413428.79286256,0.981970535837664,54.4826983634004
49,0.000797445431305532,0.000797127598424766,99288.5480582014,79.1456418647161,99248.975237269,5314104.26294053,0.981652196099265,53.5218246904515
50,0.000877716743208658,0.000877331718839171,99209.4024163367,87.0395555469317,99165.8826385632,5214855.28770326,0.981323479870463,52.5641235678337
51,0.000966088502381883,0.00096562206419495,99122.3628607898,95.7147406335167,99074.505490473,5115689.40506469,0.980983962705082,51.6098411843684
52,0.00106338044191277,0.00106281535338269,99026.6481201562,105.247042016127,98974.0245991482,5016614.89957422,0.980633205488905,50.6592416769191
53,0.00117049573850814,0.00116981110904914,98921.4010781401,115.719353903914,98863.5414011882,4917640.87497507,0.980270754965156,49.7126084080686
54,0.00128842934745116,0.00128759985672957,98805.6817242362,127.222181632194,98742.0706334201,4818777.33357388,0.979896144530544,48.7702452883525
55,0.00141827736751966,0.00141727232488866,98678.459542604,139.854249772378,98608.5324177178,4720035.26294046,0.979508895348732,47.8324781803329
56,0.00156124805249204,0.00156003025539301,98538.6052928316,153.723205581047,98461.7436900411,4621426.73052275,0.979108517855376,46.89965640156
57,0.00171867538880224,0.00171719973434171,98384.8820872506,168.946493383467,98300.4088405588,4522964.98683271,0.978694513744048,45.972154368408
58,0.00189203078073996,0.0018902425821657,98215.9355938671,185.651943706771,98123.1096220137,4424664.57799215,0.978266378553287,45.0503734576086
59,0.00208293687300754,0.00208076981691959,98030.2836501603,203.978455363319,97928.2944224787,4326541.46837013,0.977823604955262,44.1347439512694
60,0.00229318329635035,0.00229055696286706,97826.305194797,224.0767245155,97714.2668325393,4228613.17394766,0.977365686856719,43.2257271244929
61,0.00252474384970718,0.00252156070226982,97602.2284702815,246.109943764622,97479.1734983992,4130898.90711512,0.976892124483139,42.323817517885
62,0.00277979472272703,0.00277593645597157,97356.1185265169,270.254398629647,97220.9913272021,4033419.73361672,0.976402430635497,41.4295454118596
63,0.00306073609082764,0.00305605919548997,97085.8641278872,296.700147820119,96937.5140539772,3936198.74228952,0.975896138327259,40.5434795028916
64,0.00337021574847031,0.00336454612530134,96789.1639800671,325.651606640291,96626.338176747,3839261.22823554,0.975372810063551,39.6662298790617
65,0.00371115495934089,0.00370428137823707,96463.5123734268,357.327992564227,96284.8483771447,3742634.89005879,0.974832049075974,38.7984513312185
66,0.00408677616780832,0.00407844232735571,96106.1843808626,391.963530299562,95910.2026157128,3646350.04168165,0.974273512857774,37.9408470450913
67,0.00450062905782681,0.00449052396650255,95714.2208505631,429.807002664572,95499.3173492308,3550439.83906593,0.97369692938984,37.094172710335
68,0.00495662644553563,0.00494437274119284,95284.4138478985,471.121658490086,95048.8530186534,3454940.5217167,0.973102116448098,36.2592409628692
69,0.00545908377434216,0.00544422353815165,94813.2921894084,516.184757067227,94555.1998108748,3359891.66869805,0.972489004536777,35.4369265227706
70,0.00601276077199884,0.00599473830832948,94297.1074323412,565.286482289316,94014.4641911965,3265336.46888717,0.971857664134893,34.6281721444115
71,0.00662290626352333,0.00660104720508315,93731.8209500519,618.728174709694,93422.456862697,3171322.00469598,0.971208337919542,33.8339954622873
72,0.00729529840553905,0.00726878442980855,93113.0927753422,676.818998976726,92774.6832758538,3077899.54783328,0.970541478687954,33.05549688119
73,0.00803630091627614,0.00800413908116018,92436.2737763654,739.872791450228,92066.3373806403,2985124.86455743,0.969857793656338,32.2938684415109
74,0.00885292737869115,0.00881391291321973,91696.4009849152,808.204092736718,91292.2989385469,2893058.52717679,0.969158296031851,31.550404335419
75,0.00975290737557246,0.00970557857115704,90888.1968921785,882.12253612783,90447.1356241146,2801766.22823824,0.968444364992631,30.8265134972586
76,0.010744758974334,0.0106873425146361,90006.0743560507,961.925745040917,89525.1114835302,2711319.09261413,0.96771781502949,30.1237345591649
77,0.0118378651535159,0.0117682099124947,89044.1486110097,1047.89023233374,88520.2034948429,2621793.9811306,0.966980975523167,29.4437537112509
78,0.0130425613703554,0.012958058235467,87996.258378676,1140.26064057409,87426.1280583889,2533273.77763575,0.966236781329145,28.7884260570974
79,0.0143702338092984,0.0142677185833147,86855.9977381019,1239.23693300025,86236.3792716018,2445847.64957736,0.965488874976639,28.1598014330843
80,0.0158334253983025,0.0157090612734274,85616.7608051017,1344.95894151972,84944.2813343418,2359611.27030576,0.96474172081548,27.5601558400135
81,0.0174459526514911,0.0172950880082435,84271.8018635819,1457.48822984391,83543.05774866,2274666.98897142,0.964000730796927,26.9920298210025
82,0.0192230398511579,0.0190400361641821,82814.313633738,1576.78752649829,82025.9198704889,2191123.93122276,0.963272400683831,26.458275569528
83,0.0211814622654487,0.0209594859847046,81237.5261072398,1702.69678987676,80386.1777123014,2109098.01135227,0.962564454387245,25.9621151999151
84,0.0233396982969906,0.0230704693993156,79534.829317363,1834.90584594601,78617.37639439,2028711.83363997,0.961885992362792,25.5072130166386
85,0.0257181009362023,0.0253915892090972,77699.923471417,1972.92453836451,76713.4612022347,1950094.45724558,0.961247637495498,25.0977654818792
86,0.0283390870366825,0.027943145421592,75726.9989330525,2116.05054352702,74668.973661289,1873380.99604335,0.960661669019567,24.7386140007943
87,0.0312273627741699,0.0307472844709228,73610.9483895254,2263.33677030716,72479.2800043719,1798712.02238206,0.960142131355558,24.4353871500725
88,0.0344101639617813,0.0338281479038341,71347.6116192183,2413.55755844023,70140.8328399982,1726232.74237769,0.959704900449608,24.194681548565
89,0.0379174965649986,0.0372120035564837,68934.0540607781,2565.17426487252,67651.4669283418,1656091.90953769,0.959367684832934,24.0242929579847
90,0.041782416271699,1,66368.8797959055,66368.8797959055,1588440.44260935,1588440.44260935,0.959149932115043,23.9335129279572
