"Edad","Mx","qx","lx","dx","Lx","Tx","P_x1","e_0"
25,0.00348130956495975,0.00347526033643478,1e+05,347.526033643478,99826.2369831783,4724326.40695797,0.998262369831783,47.2432640695797
26,0.00294022317914525,0.00293590706813847,99652.4739663565,292.570402675311,99506.1887650189,4624500.16997479,0.978869741761248,46.4062755886628
27,0.00297124104747334,0.00296683345879644,99359.9035636812,294.784286355517,99212.5114205035,4524993.98120977,0.978482822984616,45.5414490042216
28,0.0029183946635069,0.00291414235475849,99065.1192773257,288.689859965256,98920.7743473431,4425781.46978927,0.97807455394803,44.6754771212621
29,0.00276551139658326,0.00276169265033408,98776.4294173604,272.790139148167,98640.0343477864,4326860.69544192,0.977648970012961,43.8045869947335
30,0.00285085420815428,0.00284679630753773,98503.6392782123,280.419796576243,98363.4293799241,4228220.66109414,0.977202863394309,42.9245121507847
31,0.00316516864791727,0.00316016741650283,98223.219481636,310.401817749872,98068.0185727611,4129857.23171421,0.976736448434441,42.0456308957205
32,0.00295314345714661,0.00294878935814685,97912.8176638862,288.72427475344,97768.4555265094,4031789.21314145,0.976253896183221,41.177338262103
33,0.00294843664289632,0.00294409640204033,97624.0933891327,287.414742099395,97480.386018083,3934020.75761494,0.975750603427422,40.2976419144177
34,0.0033892212493902,0.00338348755543024,97336.6786470333,329.33744088915,97172.0099265887,3836540.37159686,0.975221181578823,39.4151559815298
35,0.00328627389121119,0.00328088295121983,97007.3412061442,318.269731906403,96848.206340191,3739368.36167027,0.974671969922177,38.547271940213
36,0.0034537305562879,0.00344777671039992,96689.0714742378,333.36232877907,96522.3903098482,3642520.15533008,0.97410038354795,37.6725114823407
37,0.0038198139204933,0.00381253233844394,96355.7091454587,367.35925711076,96172.0295169033,3545997.76502023,0.973501206254519,36.8011174062057
38,0.00336807945717376,0.00336241701333922,95988.3498883479,322.752860746939,95826.9734579745,3449825.73550333,0.972878711186567,35.9400462609901
39,0.00356434649464093,0.00355800551240291,95665.597027601,340.378721571519,95495.4076668152,3353998.76204535,0.972222662590812,35.0596125070716
40,0.00402073587052725,0.0040126689295764,95325.2183060295,382.508541701692,95133.9640351786,3258503.35437854,0.971527894181875,34.1830148651486
41,0.00458407871198569,0.0045735958502984,94942.7097643278,434.229583394215,94725.5949726307,3163369.39034336,0.970804398925248,33.318718184847
42,0.00368168257125325,0.00367491763115654,94508.4801809336,347.310880110721,94334.8247408782,3068643.79537073,0.970055474627214,32.4695073870187
43,0.00453265044814341,0.00452240121619377,94161.1693008228,425.834586564269,93948.2520075407,2974308.97062985,0.969258463662942,31.587426034692
44,0.0052123340283112,0.00519878512600213,93735.3347142586,487.309863893319,93491.6797823119,2880360.71862231,0.968413418735161,30.7286545399636
45,0.00616108435084575,0.00614216315818862,93248.0248503653,572.74458280977,92961.6525589604,2786869.03884,0.967541676576179,29.8866280901078
46,0.00510293418715762,0.0050899473539759,92675.2802675555,471.712297576819,92439.4241187671,2693907.38628104,0.966642977741913,29.0682410509433
47,0.0057343833626424,0.00571798879274197,92203.5679699787,527.21896830316,91939.9584858271,2601467.96216227,0.965685745326835,28.2143958139375
48,0.00606572481572482,0.00604738393233054,91676.3490016755,554.402079927459,91399.1479617118,2509528.00367644,0.964658431384483,27.3737777627966
49,0.00662599044753044,0.00660411105913431,91121.9469217481,601.779457395766,90821.0571930502,2418128.85571473,0.963579148019941,26.5372825911119
50,0.00752127367554214,0.00749309486695654,90520.1674643523,678.276202183185,90181.0293632607,2327307.79852168,0.962441597362186,25.710378843899
51,0.00836909218174625,0.00833421726546755,89841.8912621691,748.761841319428,89467.5103415094,2237126.76915842,0.961250922881561,24.9007087643583
52,0.0071904726237735,0.00716471378461079,89093.1294208497,638.326772475675,88773.9660346118,2147659.25881691,0.960007849543919,24.1057786697782
53,0.00968838346939424,0.00964167733573585,88454.802648374,852.852665931815,88028.3763154081,2058885.2927823,0.958664780891027,23.2761278205186
54,0.0105617831918616,0.0105063005575429,87601.9499824422,920.372415942382,87141.763774471,1970856.91646689,0.957244642708361,22.4978658221866
55,0.0115879679422683,0.0115212142117972,86681.5775664998,998.677023360156,86182.2390548197,1883715.15269242,0.955784834989093,21.7314359703166
56,0.0115158095614122,0.0114498822297828,85682.9005431397,981.05912032514,85192.3709829771,1797532.9136376,0.954248794499721,20.9788989663413
57,0.0131174203585193,0.0130319475911973,84701.8414228145,1103.82995830002,84149.9264436645,1712340.54265462,0.952605946552279,20.2160958237846
58,0.0137340833017012,0.0136404140105559,83598.0114645145,1140.31148683518,83027.8557210969,1628190.61621096,0.950856780910409,19.4764275810805
59,0.0154262319052493,0.01530815830522,82457.6999776793,1262.27552474265,81826.562215308,1545162.76048986,0.949006059306302,18.7388535080183
60,0.0177029360967185,0.017547613952493,81195.4244529367,1424.78596300895,80483.0314714322,1463336.19827455,0.9470434026061,18.0223972980491
61,0.0199915420399062,0.0197936888584371,79770.6384899277,1578.95519830849,78981.1608907735,1382853.16680312,0.945000313963168,17.3353654048755
62,0.0184070133840826,0.0182391492518857,78191.6832916192,1426.14978181202,77478.6084007132,1303872.00591235,0.942885359930612,16.6753285135134
63,0.0227481196110805,0.0224922909486668,76765.5335098072,1726.63271453221,75902.2171525411,1226393.39751163,0.940578056703887,15.9758337034804
64,0.0228687219568679,0.022610188895249,75038.900795275,1696.64372147302,74190.5789345385,1150491.18035909,0.938109404937643,15.3319300811445
65,0.0222713116535091,0.0220260372830973,73342.257073802,1615.43928873407,72534.5374294349,1076300.60142455,0.935513995933996,14.6750406159645
66,0.0289861970490243,0.0285720988059771,71726.8177850679,2049.38572479328,70702.1249226713,1003766.06399512,0.932607547247088,13.994292441677
67,0.029623736428304,0.0291913578823584,69677.4320602746,2033.97885559519,68660.442632477,933063.939072448,0.929563144781696,13.3911929800355
68,0.0355247481858551,0.0349047568372885,67643.4532046794,2361.07828574384,66462.9140618075,864403.496439971,0.92641400041595,12.7788197599021
69,0.042528808811358,0.0416432890717536,65282.3749189356,2718.57281003984,63923.0885139157,797940.582378164,0.923111238749573,12.2229098339178
70,0.0409284920774133,0.0401077178708532,62563.8021088958,2509.29132391148,61309.15644694,734017.493864248,0.919889914204638,11.7323031708759
71,0.0488547505362951,0.0476898135639017,60054.5107849843,2863.98842300722,58622.5165734807,672708.337417308,0.916474529613488,11.2016287973077
72,0.0437777258930656,0.0428400068544011,57190.5223619771,2450.04236999388,55965.5011769801,614085.820843827,0.912855968459456,10.7375452344548
73,0.0558609419105631,0.0543431131666426,54740.4799919832,2974.76809900068,53253.0959424829,558120.319666847,0.908863713706861,10.195751293167
74,0.0585152838427948,0.0568519304200255,51765.7118929825,2942.98065068293,50294.2215676411,504867.223724364,0.904584918222883,9.75292728066984
75,0.0643365801751657,0.0623314829500397,48822.7312422996,3043.19324000377,47301.1346222977,454573.002156723,0.900381289962488,9.31068358098912
76,0.0731707317073171,0.0705882352941176,45779.5380022958,3231.49680016206,44163.7896022148,407271.867534426,0.895943810129776,8.89637347397436
77,0.0791729702471003,0.0761581372786806,42548.0412021338,3240.37956281106,40927.8514207282,363108.077932211,0.891561894835563,8.53407272516228
78,0.0756658013652533,0.072907499189402,39307.6616393227,2865.82330910621,37874.7499847696,322180.226511483,0.887284657356565,8.19637223571648
79,0.101922570450356,0.0969803282796642,36441.8383302165,3534.14144437885,34674.7676080271,284305.476526713,0.882442350994437,7.8016227927496
80,0.0932223543400713,0.0890706657577823,32907.6968858377,2931.11047017686,31442.1416507492,249630.708918686,0.878036933963989,7.58578486317948
81,0.123107971745711,0.115969581749049,29976.5864156608,3476.37218888842,28238.4003212166,218188.567267937,0.874045377722373,7.27863287175178
82,0.103203897829618,0.0981396981396981,26500.2142267724,2600.72302485278,25199.852714346,189950.16694672,0.870578001978721,7.16787288288481
83,0.144128500108531,0.134440170074914,23899.4912019196,3213.05166188998,22292.9653709746,164750.314232374,0.867334400809374,6.89346533951071
84,0.140322580645161,0.13112283345893,20686.4395400296,2712.46456666553,19330.2072566969,142457.348861399,0.864686355987575,6.88650884487565
85,0.151767749353262,0.141063318193962,17973.9749733641,2535.46855087797,16706.2406979251,123127.141604703,0.864308809540575,6.85030115971378
86,0.153919694072658,0.142920550377275,15438.5064224861,2206.47983490481,14335.2665050337,106420.900906777,0.864317156394646,6.89321220553925
87,0.149282667700659,0.138913945516868,13232.0265875813,1838.11302046502,12312.9700773488,92085.6344017438,0.865296512406044,6.95929937808386
88,0.166832174776564,0.153987167736022,11393.9135671163,1754.51647962927,10516.6553273017,79772.664324395,0.866287829178319,7.00134013256208
89,0.202284946236559,0.183704607873055,9639.39708748702,1770.80166208947,8753.99625644229,69256.0089970933,0.868167179617622,7.18468264856472
90,0.200813008130081,0.182489841152567,7868.59542539755,1435.93872927462,7150.62606076025,60502.012740651,0.873599469804711,7.68904861283984
91,0.221861471861472,0.19970774476376,6432.65669612294,1284.65136162221,5790.33101531183,53351.3866798908,0.881811765644686,8.29383397874264
92,0.14058106841612,0.131348511383538,5148.00533450072,676.182837281181,4809.91391586013,47561.0556645789,0.89146803156113,9.23873472815498
93,0.214723926380368,0.193905817174515,4471.82249721954,867.112395582737,4038.26629942817,42751.1417487188,0.898868646865584,9.56011598745261
94,0.210666666666667,0.19059107358263,3604.71010163681,687.025568225109,3261.19731752425,38712.8754492906,0.905540153215927,10.7395253315134
95,0.179401993355482,0.164634146341463,2917.6845334117,480.350502451926,2677.50928218573,35451.6781317664,0.915759362236059,12.1506207150888
96,0.125874125874126,0.118421052631579,2437.33403095977,288.631661561026,2293.01820017926,32774.1688495806,0.924474399428033,13.4467284472596
97,0.16751269035533,0.154566744730679,2148.70236939875,332.117930633061,1982.64340408221,30481.1506494014,0.930035809277019,14.1858412237571
98,0.0815217391304348,0.0783289817232376,1816.58443876568,142.291209302795,1745.43883411429,28498.5072453192,0.934955099730753,15.6879617799011
99,0.0625832223701731,1,1674.29322946289,1674.29322946289,26753.0684112049,26753.0684112049,0.938753324197324,15.9787234042553
