"Edad","Mx","qx","lx","dx","Lx","Tx","P_x1","e_0"
25,0.00185328527060177,0.00185156952733552,1e+05,185.156952733552,99907.4215236332,4894226.98120852,0.999074215236332,48.9422698120852
26,0.00182557533671568,0.00182391049370884,99814.8430472664,182.05333966181,99723.8163774355,4794319.55968489,0.979586679999267,48.0321304258784
27,0.00180853241507875,0.00180689849782672,99632.7897076046,180.026338056956,99542.7765385762,4694595.74330745,0.979199589193844,47.1189831890166
28,0.00180415557143313,0.00180252954956837,99452.7633695477,179.26654475984,99363.1300971678,4595052.96676887,0.978796304946921,46.2033714407163
29,0.00181465854179487,0.00181301354154009,99273.4968247878,179.984194059378,99183.5047277581,4495689.83667171,0.978376064255242,45.2859018818119
30,0.00184235704837766,0.00184066147056068,99093.5126307285,182.397610681899,99002.3138253875,4396506.33194395,0.9779380899637,44.3672468078461
31,0.00188720333045516,0.00188542424100169,98911.1150200466,186.489413963302,98817.8703130649,4297504.01811856,0.977481594168065,43.4481404566876
32,0.00194781189813325,0.00194591675822602,98724.6256060833,192.109903416467,98628.570654375,4198686.1478055,0.977005752665631,42.5292688833127
33,0.00202288617878694,0.00202084221189696,98532.5157026668,199.118666976349,98432.9563691786,4100057.57715112,0.976509658692654,41.6112137999553
34,0.00211107994125534,0.00210885396160665,98333.3970356904,207.370773896955,98229.711648742,4001624.62078194,0.975992299006305,40.6944613062593
35,0.00221102515020402,0.00220858353333475,98126.0262617935,216.719525793371,98017.6664988968,3903394.9091332,0.97545254216535,39.7794046884077
36,0.00232311543969601,0.00232042013777169,97909.3067360001,227.19072702548,97795.7113724874,3805377.2426343,0.974889123754926,38.8663485575995
37,0.0024491243152263,0.0024461288783692,97682.1160089747,238.943044869763,97562.6444865398,3707581.53126182,0.974300652698289,37.9555816637017
38,0.0025911490729125,0.00258779638980433,97443.1729641049,252.16309120759,97317.0914185011,3610018.88677528,0.973685637479876,37.0474275104434
39,0.00275165574533885,0.0027478751421277,97191.0098728973,267.068760068022,97057.4754928633,3512701.79535678,0.973042497983873,36.1422501932077
40,0.00293342740993497,0.00292913121304116,96923.9411128293,283.902941204551,96781.989642227,3415644.31986391,0.972369565893365,35.2404605162285
41,0.0031380015123316,0.00313308569850152,96640.0381716247,302.781521498158,96488.6474108757,3318862.33022169,0.971665085536165,34.3425188256617
42,0.00336572319215782,0.00336006866164695,96337.2566501266,323.699797019129,96175.406751617,3222373.68281081,0.970927191968089,33.4488835873092
43,0.003616585469558,0.00361005742893711,96013.5568531074,346.614454196236,95840.2496260093,3126198.27605919,0.970153862891617,32.5599673475487
44,0.0038901093448065,0.00388255755808726,95666.9423989112,371.432410269992,95481.2261937762,3030358.02643318,0.969342875543127,31.6761250066635
45,0.00418547201140391,0.00417673121560288,95295.5099886412,398.023731276353,95096.498123003,2934876.80023941,0.968491767190242,30.797639894988
46,0.00450546759313085,0.00449534078701286,94897.4862573649,426.596540557725,94684.187987086,2839780.3021164,0.967597788733331,29.9247157550078
47,0.00485681896582906,0.00484505319271065,94470.8897168071,457.716485840633,94242.0314738868,2745096.11412932,0.966657917897198,29.0575871822338
48,0.00524797593804147,0.00523424135170763,94013.1732309665,492.087638930778,93767.1294115011,2650854.08265543,0.96566895017307,28.1966238512443
49,0.00568945785509131,0.00567331880098296,93521.0855920357,530.574933177633,93255.7981254469,2557086.95324393,0.964627577947417,27.342357470043
50,0.0061940449269546,0.00617492105772862,92990.5106588581,574.20906243632,92703.4061276399,2463831.15511848,0.963530454837626,26.4955116136227
51,0.00677121186974492,0.0067483645666175,92416.3015964218,623.658895071129,92104.4721488862,2371127.74899084,0.962374286105177,25.6570292040625
52,0.00742624963364154,0.0073987770509595,91792.6427013506,679.153298265678,91453.0660522178,2279023.27684196,0.96115583726432,24.8279514542011
53,0.00816387631124738,0.00813068734832879,91113.489403085,740.815295551752,90743.0817553091,2187570.21078974,0.95987181571092,24.0092902282773
54,0.00898792959832876,0.00894771886471789,90372.6741075332,808.629280966977,89968.3594670497,2096827.12903443,0.958518779736651,23.2020038107918
55,0.00990081355158829,0.00985204193643078,89564.0448265662,882.388725627696,89122.8504637524,2006858.76956738,0.957093096411587,22.4069689288096
56,0.0109024064848638,0.0108432974665555,88681.6561009385,961.60157692925,88200.8553124739,1917735.91910363,0.955590870760196,21.624944812948
57,0.0119891773973468,0.0119177354749548,87720.0545240093,1045.42440566576,87197.3423211764,1829535.06379115,0.954007820141524,20.8565199111955
58,0.0131536598203122,0.0130677156769903,86674.6301183435,1132.63942279482,86108.3104069461,1742337.72146998,0.952339070156717,20.1020496896385
59,0.0143836366927212,0.0142809308323579,85541.9906955487,1221.61925238533,84931.181069356,1656229.41106303,0.950578863474127,19.361595370836
60,0.0156626380726854,0.0155409320754802,84320.3714431633,1310.41716517746,83665.1628605746,1571298.22999368,0.948720158872892,18.6348589682485
61,0.0169974010005049,0.0168541625210558,83009.9542779859,1399.06326026659,82310.4226478526,1487633.0671331,0.946754116269251,17.9211406640615
62,0.0184279365627092,0.0182596923366916,81610.8910177193,1490.18976130682,80865.7961370659,1405322.64448525,0.944670211716605,17.2197929340108
63,0.020009266684111,0.0198110642501721,80120.7012564125,1587.27636035963,79327.0630762326,1324456.84834818,0.942457487286355,16.5307695461812
64,0.0218137136505214,0.0215783615505657,78533.4248960528,1694.62263621122,77686.1135779472,1245129.78527195,0.940105966324863,15.8547750454028
65,0.0239338305612725,0.0236508034006578,76838.8022598416,1817.29940578953,75930.1525569469,1167443.671694,0.937608019262844,15.1934131891609
66,0.0264264826416711,0.0260818567740205,75021.5028540521,1956.70009241116,74043.1528078465,1091513.51913706,0.934960328795333,14.5493422233956
67,0.0292850241968595,0.028862406066836,73064.8027616409,2108.82600649976,72010.389758391,1017470.36632921,0.932164694701734,13.9255883526915
68,0.0324797521242568,0.0319607140886008,70955.9767551411,2267.80368594847,69822.0749121669,945459.976570819,0.929226056953199,13.3245995588711
69,0.0359519573047139,0.0353170979066803,68688.1730691927,2425.86693331568,67475.2396025348,875637.901658652,0.926150152685033,12.7480155976282
70,0.0396082788782137,0.0388391038498807,66262.306135877,2573.56858934391,64975.521841205,808162.662056117,0.9229416183622,12.1964161705888
71,0.0433971412751896,0.0424754839855628,63688.7375465331,2705.20995171848,62336.1325706739,743187.140214912,0.919600935688002,11.6690512144618
72,0.047355065800318,0.0462597490697655,60983.5275948146,2821.08268392524,59572.986252852,680851.007644238,0.916123235726808,11.1645067856345
73,0.0515432960185111,0.0502483141530989,58162.4449108894,2922.56480379468,56701.162508992,621278.021391386,0.912502169220582,10.6817727890092
74,0.0560465129379208,0.054518720841422,55239.8801070947,3011.60760287232,53734.0763056585,564576.858882394,0.908734639635237,10.2204577161977
75,0.0609755511668737,0.0591715424594443,52228.2725042224,3090.42744406702,50683.0587821889,510842.782576736,0.90482416085557,9.78096264883041
76,0.0664202699505478,0.0642853449672533,49137.8450601553,3158.84332063953,47558.4233998356,460159.723794547,0.900785406957226,9.36467041302303
77,0.0724194502786497,0.0698887961787006,45979.0017395158,3213.41708107314,44372.2931989792,412601.300394711,0.896648009504914,8.97368983198494
78,0.0790068206715268,0.0760043881395322,42765.5846584427,3250.3720953943,41140.3986107455,368229.007195732,0.892457214370069,8.61040507540535
79,0.0862132089205668,0.0826504295456691,39515.2125630484,3265.94929192437,37882.2379170862,327088.608584986,0.888274965288443,8.27753635547579
80,0.0940644663887806,0.0898391314103095,36249.263271124,3256.60232654141,34620.9621078533,289206.3706679,0.884183560898168,7.9782689238344
81,0.102556406933419,0.0975540124347941,32992.6609445826,3218.56645604476,31383.3777165602,254585.408560047,0.880289766688407,7.71642544951652
82,0.111633463150156,0.105731856497121,29774.0944885378,3148.07028579381,28200.0593456409,223202.030843487,0.876727508092208,7.49651785142998
83,0.121204852148944,0.114279252214754,26626.024202744,3042.80213534152,25104.6231350733,195001.971497846,0.873656797659626,7.32373598149698
84,0.131141222821517,0.123071358591519,23583.2220674025,2902.41917980071,22132.0124775021,169897.348362773,0.871259644493642,7.20416183493477
85,0.141269479265811,0.131949276477101,20680.8028876018,2728.81697798459,19316.3943986095,147765.33588527,0.869733031793734,7.14504831791885
86,0.151311861799589,0.140669388280149,17951.9859096172,2525.29487631971,16689.3384714573,128448.941486661,0.869276550668099,7.15513827458212
87,0.160838391732317,0.148866655042513,15426.6910332975,2296.51989250133,14278.4310870468,111759.603015204,0.870070252986939,7.24456092197464
88,0.169338410148297,0.156119865260414,13130.1711407962,2049.88054934728,12105.2308661225,97481.1719281567,0.872239783411682,7.42421183112209
89,0.176249192946483,0.161975194309301,11080.2905914489,1794.73222155346,10182.9244806722,85375.9410620342,0.875819805746242,7.70520776124069
90,0.180990180043842,0.165970651037231,9285.55836989543,1541.13016789575,8514.99328594755,75193.016581362,0.880728407160124,8.09784544838404
91,0.182838110669142,0.167523289771676,7744.42820199968,1297.37208979953,7095.74215709991,66678.0232954145,0.886758190147433,8.60980585735144
92,0.180891502189867,0.165887667504991,6447.05611220014,1069.48710072668,5912.3125618368,59582.2811383146,0.893581995889973,9.24178107052047
93,0.174463853089772,0.16046608716155,5377.56901147346,862.917457712352,4946.11028261729,53669.9685764778,0.900770624271469,9.9803402730804
94,0.163276895721229,0.150953302412813,4514.65155376111,681.501561283376,4173.90077311942,48723.8582938605,0.907842124491479,10.7923851295388
95,0.147601628355486,0.137457176793548,3833.14999247774,526.893976192199,3569.70300438164,44549.9575207411,0.914335585906477,11.6222839200571
96,0.128763371144881,0.120974809027863,3306.25601628554,399.973690167368,3106.26917120185,40980.2545163594,0.91987191003,12.3947614203208
97,0.108978200860638,0.103346920149451,2906.28232611817,300.355327489094,2756.10466237362,37873.9853451576,0.924200832623872,13.0317639841084
98,0.0900151587469348,0.0861382831317867,2605.92699862907,224.470077628678,2493.69195981474,35117.8806827839,0.927229610582135,13.4761567385651
99,0.0729966633415077,1,2381.4569210004,2381.4569210004,32624.1887229692,32624.1887229692,0.928990818599221,13.6992562978064
