"Edad","Mx","qx","lx","dx","Lx","Tx","P_x1","e_0"
25,0.00132435332460323,0.00132347694905447,1e+05,132.347694905447,99933.8261525473,5096729.81114924,0.999338261525473,50.9672981114924
26,0.00134017157814862,0.00133927414957331,99867.6523050946,133.750165110789,99800.7772225392,4996795.98499669,0.980392559571445,50.0341789324489
27,0.0013592227003265,0.00135829958451194,99733.9021399838,135.468517838495,99666.1678810645,4896995.20777415,0.980027045826526,49.1006077442038
28,0.00138270105155186,0.00138174578087976,99598.4336221453,137.619715439632,99529.6237644255,4797329.03989309,0.97964748511029,48.1667117185106
29,0.00141191062179725,0.00141091457915687,99460.8139067056,140.33071239578,99390.6485505077,4697799.41612866,0.9792531171123,47.2326661285439
30,0.00144821601105889,0.00144716810504868,99320.4831943099,143.733435456829,99248.6164765814,4598408.76757816,0.978843147664143,46.2986950897315
31,0.00149222282292154,0.00149111028851953,99176.749758853,147.883471947352,99102.8080228794,4499160.15110157,0.978416747728834,45.3650695555281
32,0.0015440952427611,0.00154290404736132,99028.8662869057,152.79203859967,98952.4702676058,4400057.3430787,0.977973042813643,44.4320682247425
33,0.00160405219089288,0.00160276673015039,98876.074248306,158.475282213064,98796.8366071995,4301104.87281109,0.977511095298961,43.4999559348381
34,0.00167236410352187,0.00167096687101524,98717.5989660929,164.95383745851,98635.1220473637,4202308.03620389,0.977029893590428,42.5689854718537
35,0.00174935578117669,0.00174782699554711,98552.6451286344,172.252973638402,98466.5186418152,4103672.91415653,0.976528345566865,41.6393990115665
36,0.00183553356537056,0.00183385051828047,98380.392154996,180.414933142076,98290.184688425,4005206.39551471,0.97600527120421,40.7114294605027
37,0.00193155579278861,0.00192969213877414,98199.9772218539,189.495724072811,98105.2293598175,3906916.21082629,0.975459395850736,39.7853066910572
38,0.00203815462196892,0.00203607969934397,98010.4814977811,199.55715170056,97910.7029219308,3808810.98146647,0.974889343905569,38.8612618085413
39,0.00215613598104556,0.00215381402308973,97810.9243460806,210.666540467957,97705.5910758466,3710900.27854454,0.974293630374844,37.9395277506468
40,0.0022864465361025,0.00228383560210177,97600.2578056126,222.90294355077,97488.8063338372,3613194.68746869,0.973670650316109,37.0203395841943
41,0.0024310111061823,0.00242805978602915,97377.3548620619,236.438039410462,97259.1358423566,3515705.88113485,0.973018667753512,36.1039369585975
42,0.00259273097758278,0.00258937420222944,97140.9168226514,251.53418400149,97015.1497306506,3418446.7452925,0.972335815585642,35.1905958591425
43,0.00277509811120269,0.00277125286191131,96889.3826386499,268.504978926179,96755.1301491868,3321431.59556185,0.971620107914728,34.2806559925061
44,0.00298232760711211,0.00297788708967291,96620.8776597237,287.726064175757,96477.0146276358,3224676.46541266,0.970869449704015,33.3745308831619
45,0.00321943957988356,0.00321426551307704,96333.151595548,309.640326939592,96178.3314320782,3128199.45078502,0.970081645193733,32.4727199201235
46,0.00349096768837439,0.00348488487812078,96023.5112686084,334.630882364033,95856.1958274263,3032021.11935295,0.969254412020326,31.575820122547
47,0.00380098532788102,0.00379377528578175,95688.8803862443,363.02210953346,95507.3693314776,2936164.92352552,0.968385379898712,30.6844944958475
48,0.00415405278661496,0.00414544259293749,95325.8582767109,395.1678731086,95128.2743401566,2840657.55419404,0.967472069240307,29.7994437768209
49,0.00455526788523187,0.00454491622976062,94930.6904036023,431.452035517713,94714.9643858434,2745529.27985389,0.966511882363396,28.921408536914
50,0.00501024783580114,0.00499772790808344,94499.2383680846,472.281480884805,94263.0976276422,2650814.31546804,0.965502110984268,28.051171218363
51,0.00552447130245623,0.00550925344617555,94026.9568871998,518.018336264205,93767.9477190677,2556551.2178404,0.964439946971164,27.1895560855744
52,0.00610305307193448,0.00608448610113913,93508.9385509356,568.953836945441,93224.4616324628,2462783.27012133,0.963322484187007,26.3374101800955
53,0.00675096559411002,0.0067282544868355,92939.9847139901,625.323869158327,92627.322779411,2369558.80848887,0.962146705005077,25.4955799248392
54,0.00747281752609326,0.00744499996299066,92314.6608448318,687.282646573268,91971.0195215452,2276931.48570946,0.960909464476013,24.6648957475635
55,0.00827266871510617,0.008238591147485,91627.3781982585,754.880506891433,91249.9379448128,2184960.46618791,0.959607471678978,23.8461528546654
56,0.00915581499417144,0.00911409152624433,90872.4976913671,828.220261177546,90458.3875607783,2093710.5282431,0.958237259045691,23.0400900320142
57,0.0101292637041107,0.0100782212238882,90044.2774301896,907.486147886611,89590.5343562463,2003252.14068232,0.956795179495666,22.2474120272154
58,0.0112003287627715,0.0111379543873301,89136.7912823029,992.801515535255,88640.3905245353,1913661.60632608,0.955277454826165,21.4688186415121
59,0.0123765105982934,0.0123003926284289,88143.9897667677,1084.20568196747,87601.886925784,1825021.21580154,0.953680216903807,20.7049989526298
60,0.0136654486290006,0.0135727100430756,87059.7840848002,1181.63720579576,86468.9654819023,1737419.32887576,0.95199952407824,19.9566234529531
61,0.0150756449849308,0.0149628576202097,85878.1468790045,1284.982484438,85235.6556367855,1650950.36339385,0.950231378202835,19.2243361482859
62,0.0166167381328845,0.0164798177250769,84593.1643945665,1394.07993000992,83896.1244295615,1565714.70775707,0.948371763605559,18.5087615407568
63,0.0182989425672454,0.0181330348852777,83199.0844645566,1508.65190101897,82444.7585140471,1481818.58332751,0.946416723293259,17.8105154986264
64,0.0201330250878243,0.0199323755790281,81690.4325635376,1628.2843830697,80876.2903720027,1399373.82481346,0.944362447980027,17.1302046139252
65,0.0221303737584403,0.0218881769896048,80062.1481804679,1752.41446954205,79185.9409456969,1318497.53444146,0.9422053714755,16.4684256469042
66,0.0243048571124252,0.0240130403550925,78309.7337109258,1880.45479579701,77369.5063130273,1239311.59349576,0.939942291223744,15.8257669228015
67,0.0266738361356434,0.026322771488977,76429.2789151288,2011.83044395022,75423.3636931537,1161942.08718273,0.937570578118463,15.2028398498044
68,0.0292570885566854,0.028835270525032,74417.4484711786,2145.84725844906,73344.5248419541,1086518.72348958,0.935088534510333,14.6003221799573
69,0.0320770995482594,0.0315707504950381,72271.6012127295,2281.66868976398,71130.7668678476,1013174.19864763,0.932495848201867,14.0189809226085
70,0.0351591132328871,0.0345517094995449,69989.9325229656,2418.27181642626,68780.7966147524,942043.431779778,0.929794139090008,13.4596990998765
71,0.0385198149921109,0.0377919456154611,67571.6607065393,2553.66452656793,66294.8284432553,873262.635165026,0.92698765864244,12.9235041145069
72,0.0421603847131316,0.0412899839099112,65017.9961799714,2684.59201612569,63675.7001719085,806967.806721771,0.9240837455152,12.4114530458316
73,0.0460745773173187,0.045037045890799,62333.4041638457,2807.31238385684,60929.7479719173,743292.106549862,0.921092638837,11.9244587476097
74,0.0502477830594248,0.0490163027850653,59526.0917799888,2917.74893829952,58067.2173108391,682362.358577945,0.918027182806051,11.4632481013534
75,0.0546565502410232,0.0532026145533779,56608.3428416893,3011.71184471187,55102.4869193334,624295.141267106,0.914902666331343,11.0283239170772
76,0.059307449295414,0.0575994121865638,53596.6309969775,3087.13444060607,52053.0637766744,569192.654347772,0.911736479628058,10.6199334502923
77,0.0642629805172002,0.0622623969171787,50509.4965563714,3144.84232267967,48937.0753950316,517139.590571098,0.908549305091927,10.238462582852
78,0.0696085866519535,0.0672673925890119,47364.6542336917,3186.09679118055,45771.6058381015,468202.515176066,0.905369698458035,9.8850613975985
79,0.0754537529644722,0.0727106088070601,44178.5574425112,3212.24980786266,42572.4325385798,422430.909337965,0.902239726711231,9.5618991155985
80,0.0819344287205649,0.078709903242166,40966.3076346485,3224.45411011199,39354.0805795925,379858.476799385,0.899220365750935,9.27246068127722
81,0.0890994207288254,0.0852993589914847,37741.8535245365,3219.35591279347,36132.1755681398,340504.396219793,0.896398045632198,9.02193094460572
82,0.09681935889485,0.092348783870328,34522.4976117431,3188.11067061077,32928.4422764377,304372.220651653,0.893886316977779,8.81663383903367
83,0.104888628078544,0.0996619266970828,31334.3869411323,3122.84537442516,29772.9642539197,271443.778375215,0.891815218202441,8.66280801616368
84,0.113024734778578,0.106979092973487,28211.5415667071,3018.04512819017,26702.519002612,241670.814121295,0.890316276791709,8.56638101643105
85,0.120864907996932,0.113976998290837,25193.496438517,2871.47910051307,23757.7568882604,214968.295118683,0.88950871415855,8.5326899997108
86,0.128012321145713,0.120311635298043,22322.0173380039,2685.59840908652,20979.2181334606,191210.538230423,0.889482507757045,8.56600616938333
87,0.134083776995094,0.125659337689068,19636.4189289174,2467.49939719284,18402.669230321,170231.320096962,0.890282103028343,8.66916318668843
88,0.138687694857781,0.129694200037938,17168.9195317245,2226.70928418275,16055.5648896332,151828.650866641,0.891896102198826,8.84322688950194
89,0.141449420431539,0.132106244566855,14942.2102475418,1973.95928133112,13955.2306068762,135773.085977008,0.89425207430885,9.08654634941607
90,0.142048402006746,0.132628564203937,12968.2509662107,1719.96050588484,12108.2707132682,121817.855370132,0.897216517497147,9.39354548948302
91,0.140379609231493,0.131172628094599,11248.2904603258,1475.46782125235,10510.5565496997,109709.584656864,0.900603481513622,9.75344520519128
92,0.136642188829547,0.127903670108096,9772.82263907348,1249.97988285298,9147.83269764699,99199.0281071641,0.904196551444677,10.1504991721173
93,0.1311337462529,0.123064773840186,8522.8427562205,1048.86171626974,7998.41189808563,90051.1954095171,0.907783041102332,10.5658637599282
94,0.124202053506758,0.116939961809864,7473.98103995076,874.007057379492,7036.97751126101,82052.7835114315,0.911179281277589,10.97845754128
95,0.11621580673114,0.109833606158206,6599.97398257126,724.898943056142,6237.52451104319,75015.8060001705,0.914238405936824,11.3660760176126
96,0.107572488012404,0.10208188674341,5875.07503951512,599.738744792817,5575.20566711871,68778.2814891273,0.916850529993252,11.706792002916
97,0.0986862808989481,0.0940457673899474,5275.33629472231,496.123050077201,5027.27476968371,63203.0758220086,0.918939445033967,11.9808619377005
98,0.0899033824492262,0.0860359222385347,4779.21324464511,411.184019077661,4573.62123510627,58175.8010523249,0.920458384274819,12.1726732150963
99,0.0814897685217702,1,4368.02922556744,4368.02922556744,53602.1798172186,53602.1798172186,0.921382754472214,12.2714792070228
