"Edad","Mx","qx","lx","dx","Lx","Tx","P_x1","e_0"
25,0.000430051906134589,0.000429959453693279,1e+05,42.9959453693279,99978.5020273153,5489226.60931822,0.999785020273153,54.8922660931822
26,0.000455413255083528,0.000455309578075017,99957.0040546307,45.5113813417566,99934.2483639598,5389248.1072909,0.981786413798695,53.9156626217554
27,0.000482497679798128,0.000482381305867698,99911.4926732889,48.1954363069321,99887.3949551354,5289313.85892694,0.981456736380579,52.9399943630412
28,0.000511555914461603,0.000511425103193432,99863.297236982,51.0725970946599,99837.7609384346,5189426.46397181,0.981115245262568,51.9653026442434
29,0.000542878766771656,0.000542731448082044,99812.2246398873,54.1712332150963,99785.1390232798,5089588.70303337,0.980761311171558,50.991636759887
30,0.000576806785671582,0.00057664048060053,99758.0534066722,57.5245318601968,99729.2911407421,4989803.56401009,0.9803942627105,50.0190550397844
31,0.000613769218563279,0.000613580920022375,99700.528874812,61.1743422337245,99669.9417036952,4890074.27286935,0.980013383320326,49.0476262067729
32,0.000654289844630128,0.000654075867031419,99639.3545325783,65.1716972063471,99606.7686839751,4790404.33116566,0.979617908411601,48.0774323924326
33,0.000698986593426316,0.000698742387645704,99574.1828353719,69.5767022622577,99539.3944842408,4690797.56248168,0.979207022664883,47.1085720104485
34,0.00074859058792456,0.000748310498826426,99504.6061331097,74.4603414509944,99467.3759623842,4591258.16799744,0.978779857122724,46.1411621674639
35,0.000803941138795022,0.000803618107966584,99430.1457916587,79.9038656359344,99390.1938588407,4491790.79203506,0.978335486195112,45.1753415050496
36,0.000865683587219629,0.000865309045300434,99350.2419260228,85.9686629913739,99307.2575945271,4392400.59817622,0.977872924528212,44.2112722930946
37,0.000934304699896122,0.000933868441059339,99264.2732630314,92.6997721250353,99217.9233769689,4293093.34058169,0.97739112010053,43.2491288099779
38,0.00101029905787121,0.001009788963452,99171.5734909063,100.142360399286,99121.5023107067,4193875.41720472,0.97688894335488,42.2890881890594
39,0.00109416060204203,0.00109356233563026,99071.4311305071,108.34078562131,99017.2607376964,4094753.91489401,0.976365177204817,41.3313290034135
40,0.00118639792864531,0.00118569457585091,98963.0903448857,117.339999431375,98904.42034517,3995736.65415632,0.975818507584171,40.3760294896936
41,0.00128790294308342,0.00128707412980355,98845.7503454544,127.221808110655,98782.139441399,3896832.23381115,0.975247512810362,39.4233664086941
42,0.00139996878893838,0.00139898951810767,98718.5285373437,138.106186666757,98649.4754440103,3798050.09436975,0.974650656349968,38.4735282286243
43,0.0015241119753456,0.00152295140111145,98580.4223506769,150.133192341122,98505.3557545064,3699400.61892574,0.974026283752747,37.526727221415
44,0.00166210916088736,0.00166072900444134,98430.2891583358,163.466036120796,98348.5561402754,3600895.26317123,0.973372617377376,36.5832031375911
45,0.00181605051447247,0.00181440299073008,98266.823122215,178.295617762491,98177.6753133338,3502546.70703096,0.972687748753441,35.6432272433883
46,0.00198844667876147,0.00198647168225196,98088.5275044525,194.850082241387,97991.1024633319,3404369.03171762,0.971969631378147,34.7071071238488
47,0.00218231419483932,0.00217993554269999,97893.6774222112,213.401906818285,97786.976468802,3306377.92925429,0.971216075122769,33.7751938257874
48,0.00240125206917158,0.00239837252068261,97680.2755153929,234.273688608825,97563.1386710885,3208590.95278549,0.970424743159698,32.8478900766395
49,0.00264956889868453,0.00264606343499388,97446.001826784,257.8483023202,97317.077675624,3111027.8141144,0.969593151602453,31.9256588858764
50,0.00293237680481913,0.00292808368248258,97188.1535244639,284.575046465595,97045.866001231,3013710.73643878,0.968718673219794,31.009033788055
51,0.00325464456152381,0.00324935681078747,96903.5784779982,314.874302717162,96746.1413266397,2916664.87043754,0.967798546546671,30.0986291347307
52,0.003621017042937,0.00361447300875403,96588.7041752811,349.117264192082,96414.145543185,2819918.7291109,0.966829873974473,29.1951191724609
53,0.00403646381345073,0.00402833370184273,96239.586911089,387.685171405362,96045.7443253863,2723504.58356772,0.965809601337843,28.2992131510688
54,0.0045062504990113,0.00449612017711543,95851.9017396836,430.961669426677,95636.4209049703,2627458.83924233,0.964734502411019,27.41165059383
55,0.00503586964722489,0.00502322150287608,95420.940070257,479.320517985564,95181.2798112642,2531822.41833736,0.963601172556314,26.5331950877158
56,0.0056311231292117,0.00561531287012135,94941.6195522714,533.126898182034,94675.0561031804,2436641.1385261,0.962406020611126,25.6646257986422
57,0.0062980638422386,0.00627829329623859,94408.4926540894,592.72420653816,94112.1305508203,2341966.08242292,0.961145260741822,24.8067310109889
58,0.00704273177481989,0.00701801876295084,93815.7684475512,658.400823225565,93486.5680359384,2247853.9518721,0.959814904555127,23.9602999481775
59,0.00787096273693509,0.00784010813743345,93157.3676243257,730.363835973355,92792.185706339,2154367.38383616,0.95841074641078,23.1261084203672
60,0.00878819737111888,0.00874975010568054,92427.0037883523,808.713186164871,92022.6471952699,2061575.19812982,0.956928337106038,22.3049013127224
61,0.00980016809843323,0.00975238061374593,91618.2906021874,893.496441133313,91171.5423816208,1969552.55093455,0.955362944180378,21.4973728279485
62,0.0109130888054019,0.0108538642133807,90724.7941610541,984.714596610998,90232.4368627486,1878381.00855293,0.953709515220419,20.7041639049458
63,0.0121328451722445,0.0120596860205876,89740.0795644431,1082.23718300974,89198.9609729383,1788148.57169018,0.951962654833131,19.925863453309
64,0.0134647652047636,0.0133747214626766,88657.8423814334,1185.77394733355,88064.9554077666,1698949.61071724,0.950116582936603,19.1629929748103
65,0.0149134360222687,0.014803053824198,87472.0684340998,1294.85373714391,86824.6415655279,1610884.65530948,0.94816505748479,18.4159890596744
66,0.0164836283404825,0.0163488838776719,86177.2146969559,1408.90127598173,85472.7640589651,1524060.01374395,0.946101267226456,17.6851853370214
67,0.0181806968503593,0.0180169167991079,84768.3134209742,1527.2636501064,84004.681595921,1438587.24968498,0.943917717617303,16.970813640478
68,0.0200096201388811,0.0198114107372473,83241.0497708678,1649.1226272103,82416.4884572626,1354582.56808906,0.941606126695259,16.2730115948529
69,0.0219748421585676,0.021736019361258,81591.9271436575,1773.48370811689,80705.185289599,1272166.0796318,0.939157279593868,15.5918131139606
70,0.0240804717009538,0.0237939864917698,79818.4434355406,1899.19896489935,78868.8439530909,1191460.8943422,0.936560810273327,14.9271376772011
71,0.0263400542518166,0.0259976643076743,77919.2444706412,2025.71836085534,76906.3852902136,1112592.05038911,0.933804924418746,14.2787838607485
72,0.028782571545051,0.0283742298940701,75893.5261097859,2153.42035731067,74816.8159311306,1035685.6650989,0.930876384328544,13.6465614155376
73,0.0314458074690252,0.0309590414407397,73740.1057524752,2282.92298983541,72598.6442575575,960868.849167766,0.927761078044866,13.0304783179066
74,0.0343775654645779,0.0337966423226136,71457.1827626398,2415.01284721057,70249.6763390345,888270.204910209,0.924444793563204,12.4308036024984
75,0.0376376297093966,0.036942417199828,69042.1699154292,2550.5846453972,67766.8775927306,818020.528571174,0.920914068770171,11.8481288982252
76,0.0412897037593535,0.0404545260609624,66491.585270032,2689.88556914122,65146.6424854614,750253.650978443,0.917157485385974,11.2834375647919
77,0.0453968540445294,0.0443892870518134,63801.6997008908,2832.11196241644,62385.6437196826,685107.008492982,0.913167176993407,10.7380682913596
78,0.0500330989732257,0.0488119913754419,60969.5877384744,2976.04699085466,59481.564243047,622721.364773299,0.908940292616607,10.2136390924017
79,0.0552865982886839,0.0537994052359586,57993.5407476197,3120.01799974927,56433.5317477451,563239.800530252,0.90448125340183,9.71211264684455
80,0.0612615717101726,0.0594408517103878,54873.5227478704,3261.72892848276,53242.6582836291,506806.268782507,0.89980549724182,9.23589817827352
81,0.0680291662595979,0.0657913025304579,51611.7938193877,3395.60714131095,49913.9902487322,453563.610498878,0.894944751943315,8.78798384892601
82,0.0755814606319257,0.0728291922678037,48216.1866780767,3511.54592999797,46460.4137130778,403649.620250146,0.889951510453338,8.37166205086227
83,0.0838669356822829,0.0804916420009552,44704.6407480788,3598.34993887567,42905.4657786409,357189.206537068,0.88489915168436,7.9899804709295
84,0.0927820312932014,0.0886686046667442,41106.2908092031,3644.83744907745,39283.8720846644,314283.740758427,0.879880284752702,7.64563609538966
85,0.102159392484202,0.0971947159187361,37461.4533601256,3641.0553172404,35640.9257015054,274999.868673763,0.875005076655048,7.34087559364356
86,0.11177721615495,0.10586080321339,33820.3980428853,3580.2545018164,32030.2707919771,239358.942972258,0.870396571920597,7.07735440217893
87,0.121371935660127,0.114427775365434,30240.1435410689,3460.31235213592,28509.9873650009,207328.672180281,0.86618310394323,6.85607434034529
88,0.130620526226168,0.122612661070649,26779.8311889329,3283.54636509783,25138.058006384,178818.68481528,0.862488930907683,6.6773641534073
89,0.139146056338288,0.130094956280333,23496.2848238351,3056.74814690708,21967.9107503816,153680.626808896,0.85942152503609,6.54063516684131
90,0.146534687062227,0.136531394480074,20439.536676928,2790.6384450276,19044.2174544142,131712.716058514,0.857054781682411,6.44401671820625
91,0.152483362389055,0.141681338916193,17648.8982319004,2500.51953189128,16398.6384659548,112668.4986041,0.855410942661347,6.38388284207176
92,0.156923997339296,0.145507210762059,15148.3787000092,2204.19833220572,14046.2795339063,96269.860138145,0.854452321020296,6.35512631712111
93,0.15986900201209,0.14803583167605,12944.1803678034,1916.20250611258,11986.0791147471,82223.5806042388,0.854094734180041,6.35216585893354
94,0.161387643254368,0.149337064786184,11027.9778616908,1646.88584439193,10204.5349394949,70237.5014894916,0.854225770433923,6.36902815460699
95,0.161596196843578,0.149515619133254,9381.09201729892,1402.61978111248,8679.78212674268,60032.9665499967,0.854713867619257,6.39935803201746
96,0.1606648950982,0.148718013110402,7978.47223618644,1186.54253862216,7385.20096687536,51353.184423254,0.855416404926217,6.43646839934357
97,0.158818607631934,0.147134740334804,6791.92969756428,999.328812423367,6292.2652913526,43967.9834563787,0.85618806214613,6.47356280382973
98,0.156294081252301,0.144965459592163,5792.60088514092,839.727049548425,5372.7373603667,37675.7181650261,0.856889836724142,6.50411083243647
99,0.153325597583183,1,4952.87383559249,4952.87383559249,32302.9808046594,32302.9808046594,0.857395223713236,6.52206817232507
