"Edad","Mx","qx","lx","dx","Lx","Tx","P_x1","e_0"
25,0.000540299637497347,0.000540153715069125,1e+05,54.0153715069125,99972.9923142465,5466818.88646112,0.999729923142465,54.6681888646112
26,0.000561807478251718,0.000561649708748452,99945.9846284931,56.1346331571704,99917.9173119145,5366845.89414688,0.981712766713045,53.6974638260442
27,0.000572708165104417,0.000572544214731087,99889.8499953359,57.1913557251857,99861.2543174733,5266927.97683496,0.981382376300224,52.7273589566997
28,0.000578883978731167,0.000578716473883687,99832.6586396107,57.7748041863494,99803.7712375176,5167066.72251749,0.981039943064214,51.7572785592164
29,0.000586788046636906,0.000586615937026999,99774.8838354244,58.5295369728774,99745.6190669379,5067262.95127997,0.980684636642569,50.7869591673819
30,0.000602824489640753,0.000602642845707803,99716.3542984515,60.0933475180263,99686.3076246925,4967517.33221303,0.980315681261076,49.8164756138721
31,0.000629485964144638,0.000629287900194349,99656.2609509335,62.712479195033,99624.904711336,4867831.02458834,0.97993236843317,48.8462137565552
32,0.000667135547797686,0.000666913087083843,99593.5484717384,66.4202408649214,99560.338351306,4768206.11987701,0.979534025686571,47.8766566012062
33,0.000716471792035109,0.000716215218034735,99527.1282308735,71.2828438462461,99491.4868089504,4668645.7815257,0.97911995919466,46.9082737994391
34,0.000778511817214718,0.000778208894804285,99455.8453870273,77.3974235204643,99417.1466752671,4569154.29471675,0.978689433410723,45.9415359342241
35,0.000854486609456245,0.000854121691682051,99378.4479635068,84.8812880913271,99336.0073194611,4469737.14804148,0.978241674440668,44.9769264829215
36,0.000945062598715719,0.000944616237977393,99293.5666754155,93.7943154082884,99246.6695177113,4370401.14072202,0.977775872712563,44.0149476653265
37,0.00105014986686362,0.00104959874887042,99199.7723600072,104.119956957294,99147.7123815285,4271154.47120431,0.977291176182213,43.0560914565792
38,0.00116894495993067,0.00116826214285879,99095.6524030499,115.769699224377,99037.7675534377,4172006.75882278,0.976786671367198,42.1008052084269
39,0.00129958773590354,0.00129874382013318,98979.8827038255,128.5495109791,98915.607948336,4072968.99126934,0.976261359753553,41.1494626989685
40,0.00143907779209362,0.00143804306417475,98851.3331928464,142.152474082401,98780.2569558052,3974053.38332101,0.975714126927957,40.2023245914967
41,0.0015865747415246,0.00158531712946714,98709.180718764,156.485355029124,98630.9380412495,3875273.1263652,0.975143701549057,39.259500465376
42,0.00174370164477399,0.00174218272133564,98552.6953637349,171.696803003754,98466.846962233,3776642.18832395,0.974548648617766,38.3210441316217
43,0.00191280532079401,0.0019109776566792,98380.9985607312,188.003890091346,98286.9966156855,3678175.34136172,0.973927409044294,37.3870502960098
44,0.00209704569630692,0.00209484919905827,98192.9946706398,205.699516238923,98090.1449125203,3579888.34474604,0.97327832756899,36.4576755883018
45,0.00230039583620409,0.00229775296552683,97987.2951544009,225.150598024977,97874.7198553884,3481798.19983352,0.972599663602224,35.5331596238794
46,0.00252527807918074,0.00252209358535837,97762.1445563759,246.565277676513,97638.8619175376,3383923.47997813,0.97188960581918,34.6138425597522
47,0.00277227088147533,0.00276843345774423,97515.5792786994,269.965392326461,97380.5965825361,3286284.61806059,0.971146255967298,33.700098408567
48,0.00304145575631568,0.00303683755278772,97245.6138863729,295.319132094032,97097.9543203259,3188904.02147805,0.97036757070664,32.7922658311782
49,0.00333231689549616,0.00332677396295403,96950.2947542789,322.531716289254,96789.0288961343,3091806.06715773,0.969551308641982,31.8906309155009
50,0.00364369675842297,0.00363707056730485,96627.7630379896,351.441992929979,96452.0420415246,2995017.03826159,0.968694987074299,30.9954090221885
51,0.00397544852051138,0.00396756210106901,96276.3210450597,381.982282608732,96085.3299037553,2898564.99622007,0.967795828601526,30.1067278512176
52,0.00432873394854788,0.00431938521384188,95894.3387624509,414.204588941674,95687.2364679801,2802479.66631631,0.966850724400158,29.2246622948056
53,0.00470494092485405,0.00469389866688658,95480.1341735092,448.174074511187,95256.0471362536,2706792.42984833,0.96585622453641,28.3492734198453
54,0.00510568061477519,0.00509267981646709,95031.9600989981,483.967345115474,94789.9764264403,2611536.38271208,0.964808514282127,27.4806115752169
55,0.0055330057862879,0.00551774094001373,94547.9927538826,521.69133041422,94287.1470886755,2516746.40628564,0.96370336746831,26.6187185257012
56,0.00599295300083763,0.00597504890719835,94026.3014234684,561.811749568198,93745.3955486843,2422459.25919696,0.962536095471045,25.7636344567769
57,0.00649663802321226,0.00647560319823182,93464.4896739002,605.238948253413,93161.8701997735,2328713.86364828,0.961301559482259,24.9154932720782
58,0.00705843213989837,0.00703360901393664,92859.2507256468,653.135662931312,92532.6828941811,2235551.99344851,0.959994281970812,24.0746288170412
59,0.00769667804244977,0.00766717216462619,92206.1150627154,706.960158817172,91852.6349833069,2143019.31055433,0.95860857489991,23.2416180759456
60,0.00843435277389979,0.00839893299201031,91499.1549038983,768.495270863414,91114.9072684666,2051166.67557102,0.957138680677801,22.4173291843554
61,0.00928921477418236,0.00924626948264025,90730.6596330349,838.92012930475,90311.1995683825,1960051.76830255,0.955578984217311,21.6029705529541
62,0.010270241122626,0.0102177716334204,89891.7395037301,918.493265980031,89432.4928707401,1869740.56873417,0.953924074338815,20.7999153098665
63,0.0113849445124823,0.0113205028640023,88973.2462377501,1007.22188885403,88469.6352933231,1780308.07586343,0.952168501680804,20.0094764566213
64,0.0126387489820915,0.0125593815467218,87966.0243488961,1104.79886294601,87413.6249174231,1691838.44057011,0.950306558458756,19.2328623817286
65,0.014034099848793,0.0139363080792392,86861.2254859501,1210.52479851246,86255.9630866938,1604424.81565268,0.948332167646003,18.4711280168641
66,0.0155779043612085,0.0154575065816129,85650.7006874376,1323.94626959583,84988.7275526397,1518168.85256599,0.946238700470608,17.7251188884747
67,0.0172853123387212,0.0171372013993218,84326.7544178418,1445.1245738097,83604.1921309369,1433180.12501335,0.944018922922182,16.9955565692935
68,0.0191734913131572,0.0189914253486834,82881.6298440321,1574.04028596015,82094.609701052,1349575.93288241,0.941665258489293,16.2831731883418
69,0.0212614552173605,0.0210378080109128,81307.5895580719,1710.53345895282,80452.3228285955,1267481.32318136,0.939170069870974,15.5887209308559
70,0.02357025850755,0.0232957154894477,79597.0560991191,1854.27037268269,78669.9209127778,1187029.00035276,0.936525831696943,14.9129761642768
71,0.0261227404162988,0.0257859406986681,77742.7857264364,2004.67086249115,76740.4502951908,1108359.07943999,0.933725358951299,14.256745099669
72,0.0289434432233389,0.0285305569457935,75738.1148639453,2160.85059909284,74657.6895643988,1031618.6291448,0.930762104340802,13.6208648841865
73,0.032059168999266,0.031553381405773,73577.2642648524,2321.61148214224,72416.4585237813,956960.939580397,0.927630533750356,13.0062044184692
74,0.035499191820793,0.0348800844170695,71255.6527827102,2485.40318425432,70012.951190583,884544.481056616,0.924326630765584,12.4136745158167
75,0.0392956694962979,0.0385384719676317,68770.2495984559,2650.30033635712,67445.0994302773,814531.529866033,0.920848580608461,11.8442427448209
76,0.0434918789603597,0.0425662361648205,66119.9492620987,2814.47737549644,64712.7105743505,747086.430435756,0.91719768117341,11.2989564991091
77,0.0481489030029504,0.0470169946456095,63305.4718866023,2976.43303273016,61817.2553702372,682373.719861405,0.913379887603359,10.7790637922062
78,0.0533412329848931,0.0519555465287688,60329.0388538721,3134.42818520825,58761.824761268,620556.464491168,0.909408505088981,10.2861984258405
79,0.0591591342880999,0.0574595069443748,57194.6106686639,3286.3741288969,55551.4236042154,561794.6397299,0.905307851704598,9.82251007851862
80,0.0657108593308121,0.0636205779080806,53908.236539767,3429.67316266548,52193.3999584342,506243.216125684,0.901117918051117,9.3908324334119
81,0.073063214741833,0.0704881686407541,50478.5633771015,3558.14148806812,48699.4926330674,454049.81616725,0.896900544450009,8.99490369357896
82,0.0811858906211996,0.0780188747070229,46920.4218890334,3660.67851656115,45090.0826307528,405350.323534183,0.892744163968279,8.63910227603739
83,0.0899953795459596,0.0861201708163686,43259.7433724722,3725.53648870958,41396.9751281174,360260.24090343,0.888762682517138,8.32784045438135
84,0.0993471600992323,0.0946457660623757,39534.2068837626,3741.74529618216,37663.3342356716,318863.265775312,0.885091468810697,8.06550303924966
85,0.109026908213168,0.103390722791241,35792.4615875805,3700.60847401769,33942.1573505716,281199.931539641,0.881882492346387,7.85640101482189
86,0.11887727340334,0.112207795038926,32091.8531135628,3600.95607658597,30291.3750752698,247257.774189069,0.879295285867497,7.70468982623419
87,0.12891969647543,0.121112784750749,28490.8970369768,3450.61188019513,26765.5910968792,216966.399113799,0.87749070711885,7.61528844922679
88,0.139226129497756,0.130164948509154,25040.2851567817,3259.36742808702,23410.6014427382,190200.80801692,0.876637160379656,7.59579241314702
89,0.149909445805182,0.139456520922479,21780.9177286947,3037.49100894249,20262.1722242234,166790.206574182,0.876916393327543,7.65762988739675
90,0.161119086504377,0.149107087629297,18743.4267197522,2794.77777037539,17346.0378345645,146528.034349959,0.878517014635319,7.81756914254876
91,0.172470657955537,0.158778354334917,15948.6489493768,2532.30023404735,14682.4988323531,129181.996515394,0.881619664717973,8.09987083704931
92,0.182494610975874,0.167234878893262,13416.3487153294,2243.68145259789,12294.5079890305,114499.497683041,0.88634253047325,8.53432629939133
93,0.189348141144615,0.172972162431528,11172.6672627315,1932.56041656261,10206.3870544502,102204.98969401,0.892623913311268,9.14776993627419
94,0.19109873285356,0.174431877476086,9240.10684616892,1611.76918525689,8434.22225354048,91998.6026395602,0.900138074618402,9.95644359650496
95,0.186078574004109,0.170239602745184,7628.33766091204,1298.64517299979,6979.01507441214,83564.3803860198,0.908322278691723,10.9544679457764
96,0.171636218498021,0.158070874887812,6329.69248791225,1000.5400293351,5829.4224732447,76585.3653116076,0.916483374349536,12.0993816773661
97,0.144665571582716,0.134907347326843,5329.15245857715,718.941821686967,4969.68154773366,70755.9428383629,0.923883336594059,13.2771474241618
98,0.107293048511442,0.101830211595138,4610.21063689018,469.458724652683,4375.48127456384,65786.2612906292,0.929763051012032,14.2696866742309
99,0.0674271180264158,1,4140.7519122375,4140.7519122375,61410.7800160654,61410.7800160654,0.933489437023425,14.8308281485237
