"Edad","Mx","qx","lx","dx","Lx","Tx","P_x1","e_0"
25,0.00142854591882288,0.00142752627540551,1e+05,142.752627540551,99928.6236862297,5233697.70584974,0.999286236862297,52.3369770584974
26,0.00140449438202247,0.00140350877192982,99857.2473724594,140.150522628013,99787.1721111454,5133769.08216351,0.980906687909288,51.411081491311
27,0.00132775913731541,0.00132687824995517,99717.0968498314,132.312446958715,99650.9406263521,5033981.91005237,0.980562590464413,50.4826360682489
28,0.00127879607835869,0.00127797894112962,99584.7844028727,127.267257323805,99521.1507742108,4934330.96942602,0.980204350669724,49.5490450575668
29,0.00130969554323893,0.00130883845329438,99457.5171455489,130.17382290928,99392.4302340943,4834809.81865181,0.979830872434204,48.6118089151211
30,0.0014334213504338,0.00143239473783407,99327.3433226396,142.275963898387,99256.2053406904,4735417.38841771,0.979442328868727,47.6748620270242
31,0.00166015214558904,0.00165877523595553,99185.0673587412,164.525733511261,99102.8044919856,4636161.18307702,0.979039607874174,46.7425319812361
32,0.00150777318201267,0.00150663734831827,99020.54162523,149.188046263275,98945.9476020984,4537058.37858503,0.978623951890687,45.8193653975027
33,0.00139981061385813,0.00139883156422283,98871.3535789667,138.304370183694,98802.2013938749,4438112.43098294,0.978191608009911,44.8877482742086
34,0.00165634288566696,0.00165497228488194,98733.049208783,163.400460042421,98651.3489787618,4339310.22958906,0.977737787645007,43.9499262340522
35,0.00188573823159659,0.00188396190210376,98569.6487487406,185.701462946377,98476.7980172674,4240658.8806103,0.977265661185947,43.0219538614769
36,0.00194000895388748,0.00193812896011927,98383.9472857942,190.680777445445,98288.6068970715,4142182.08259303,0.976777948712749,42.1022148111263
37,0.00193267837010791,0.00193081255028158,98193.2665083488,189.592791327463,98098.470112685,4043893.47569596,0.976271297365194,41.1830018441451
38,0.00199002105384593,0.00198804293020241,98003.6737170213,194.835510666988,97906.2559616878,3945795.00558328,0.975741579074161,40.2617050558378
39,0.00228544930608459,0.00228284064779739,97808.8382063543,223.281991571304,97697.1972105687,3847888.74962159,0.975187191472656,39.3409104962828
40,0.00216773807744057,0.00216539107709539,97585.556214783,211.310892680882,97479.9007684426,3750191.55241102,0.974610181435163,38.42978098272
41,0.00260929078620926,0.00260589102249183,97374.2453221021,253.746671706783,97247.3719862487,3652711.65164258,0.974006687550194,37.5120920276183
42,0.00247921275459608,0.00247614331155597,97120.4986503953,240.484273148157,97000.2565138213,3555464.27965633,0.973376663350222,36.608793499454
43,0.00275940607069336,0.00275560415527611,96880.0143772472,266.962970181151,96746.5328921566,3458464.02314251,0.97271797748923,35.6984259898577
44,0.00284299789226018,0.00283896231032795,96613.051407066,274.280811630437,96475.9110012508,3361717.49025035,0.972026156049399,34.7956869314293
45,0.00357501955088817,0.00356864057098249,96338.7705954356,343.798445305447,96166.8713727829,3265241.5792491,0.971301600660659,33.8933282941832
46,0.00357875901268354,0.00357236669293407,95994.9721501301,342.929241198258,95823.507529531,3169074.70787632,0.970548313489595,33.0129238739721
47,0.00312803365332758,0.00312314899574606,95652.0429089319,298.735581752089,95502.6751180558,3073251.20034679,0.969762938282466,32.1294883714377
48,0.00373005853322621,0.00372311481513303,95353.3073271798,355.011311181756,95175.8016715889,2977748.52522873,0.96892454638681,31.2285814587571
49,0.00497326868084048,0.0049609326553392,94998.296015998,471.280148907345,94762.6559415444,2882572.72355714,0.968037663064822,30.3434150342203
50,0.0049983979493752,0.00498593710048581,94527.0158670907,471.305755409938,94291.3629893857,2787810.0676156,0.967125666885307,29.4922043401368
51,0.00682118233827197,0.006797997149227,94055.7101116807,639.390449207727,93736.0148870769,2693518.70462621,0.966177264339234,28.6374819926186
52,0.00555986552883372,0.00554445232415705,93416.319662473,517.942330666796,93157.3484971396,2599782.68973913,0.965199419359486,27.8300697258523
53,0.00607928047968021,0.00606085765287061,92898.3773318062,563.043841190739,92616.8554112109,2506625.34124199,0.964167255646091,26.9824448309689
54,0.00671667829727844,0.00669419691371441,92335.3334906155,618.110904479669,92026.2780383756,2414008.48583078,0.963051177259175,26.1439298973901
55,0.00996512207274539,0.00991571641051066,91717.2225861358,909.441969123806,91262.5016015739,2321982.20779241,0.961878229269478,25.3167523211001
56,0.00879312010822302,0.00875462985232575,90807.780617012,794.988507013141,90410.2863635054,2230719.70619083,0.960696295908167,24.5652926548117
57,0.0105930003115588,0.0105371900826446,90012.7921099989,948.481900332633,89538.5511598325,2140309.41982733,0.959470351155014,23.77783612369
58,0.0110361741263029,0.0109756097560976,89064.3102096662,977.535112057312,88575.5426536376,2050770.8686675,0.958165604313858,23.0257312254457
59,0.012607267719038,0.0125282939411486,88086.7750976089,1103.57701075069,87534.9865922336,1962195.32601386,0.956808659608477,22.2757085140142
60,0.0126984126984127,0.0126182965299685,86983.1980868582,1097.57978658496,86434.4081935657,1874660.33942162,0.955389259452545,21.5519822293687
61,0.0158802696218439,0.0157551714366676,85885.6183002733,1353.142640265,85209.0469801408,1788225.93122806,0.95389329662768,20.8210171460379
62,0.015704204353444,0.0155818540433925,84532.4756600083,1317.17269766088,83873.8893111778,1703016.88424792,0.952349954504002,20.1463031923671
63,0.0198642192607493,0.0196688659280468,83215.3029623474,1636.75063712821,82396.9276437833,1619142.99493674,0.950749819284253,19.4572745312164
64,0.0212737667863316,0.0210498618602815,81578.5523252192,1717.21725720761,80719.9436966154,1536746.06729296,0.94911077779946,18.8376236583189
65,0.0185471406491499,0.0183767228177642,79861.3350680116,1467.58961840144,79127.5402588109,1456026.12359634,0.947473466557291,18.2319281584306
66,0.0261194029850746,0.0257826887661142,78393.7454496101,2021.20154013728,77383.1446795415,1376898.58333753,0.945655136967345,17.5638831317554
67,0.026045357902197,0.0257105378224749,76372.5439094728,1963.57917878312,75390.7543200813,1299515.43865799,0.943798951051305,17.0154792826903
68,0.0309466019417476,0.0304750522856289,74408.9647306897,2267.61709068729,73275.1561853461,1224124.68433791,0.941985487761548,16.4513064893244
69,0.0359823399558499,0.0353464165672775,72141.3476400024,2549.93812540831,70866.3785772983,1150849.52815256,0.94014077395639,15.9527034883725
70,0.0333820154391821,0.0328339831725836,69591.4095145941,2284.96316895856,68448.9279301148,1079983.14957526,0.938422550608281,15.5189147210588
71,0.0383547817310119,0.0376330774944293,67306.4463456356,2532.94871119995,66039.9719900356,1011534.22164515,0.936620374163213,15.0287866402969
72,0.0348594004183128,0.0342622201918684,64773.4976344356,2219.2838385485,63663.8557151614,945494.249655114,0.934713062023123,14.596930599475
73,0.047319556753519,0.0462258630778233,62554.2137958871,2891.62252186956,61108.4025349523,881830.393939952,0.932666057209355,14.097058222446
74,0.0523114355231144,0.0509780675755779,59662.5912740176,3041.48360970095,58141.8494691671,820721.991405,0.930702771241616,13.7560567497915
75,0.0542285345384119,0.0527969830295412,56621.1076643166,2989.42366046675,55126.3958340832,762580.141935833,0.929157680581175,13.4681247575879
76,0.0674560459275206,0.0652551197500868,53631.6840038499,3499.74196207004,51881.8130228148,707453.74610175,0.927710685339716,13.1909664826293
77,0.0674157303370786,0.0652173913043478,50131.9420417798,3269.47448098564,48497.204801287,655571.933078935,0.92666402106329,13.0769307227832
78,0.072885032537961,0.0703223105902051,46862.4675607942,3295.47699883358,45214.7290613774,607074.728277648,0.926023061155903,12.954391005768
79,0.0836326321190354,0.0802757941393745,43566.9905619606,3497.37476562402,41818.3031791486,561859.999216271,0.925520324014051,12.8964611043583
80,0.0543866613735609,0.0529468599033816,40069.6157963366,2121.56033395096,39008.8356293611,520041.696037122,0.925571666896593,12.9784547643371
81,0.090153452685422,0.0862649128173753,37948.0554623856,3273.58569605162,36311.2626143598,481032.860407761,0.924989023136759,12.6760872078034
82,0.0928711576193591,0.08875,34674.469766334,3077.35919176214,33135.7901704529,444721.597793401,0.92451396650204,12.825620717211
83,0.121557454890788,0.114592658907789,31597.1105745719,3620.7969145436,29786.7121173001,411585.807622948,0.925490935599115,13.0260584002316
84,0.117589893100097,0.111060119320789,27976.3136600283,3107.05273323857,26422.787293409,381799.095505648,0.927629399348513,13.6472267270563
85,0.128953771289538,0.121142857142857,24869.2609267897,3012.73332370252,23362.8942649384,355376.308212239,0.930794002383858,14.2897816408135
86,0.117268041237113,0.110772976262934,21856.5276030872,2421.11261336693,20645.9712964037,332013.413947301,0.934258717519837,15.1905837915628
87,0.144620811287478,0.134868421052632,19435.4149897202,2621.22373216622,18124.8031236371,311367.442650897,0.937815851923137,16.0206222926336
88,0.141372141372141,0.132038834951456,16814.191257554,2220.1262242984,15704.1281454048,293242.63952726,0.941789665067974,17.4401869846411
89,0.159459459459459,0.147684605757196,14594.0650332556,2155.31874083124,13516.40566284,277538.511381855,0.946446641693304,19.0172176668684
90,0.14041095890411,0.1312,12438.7462924244,1631.96351356608,11622.7645356413,264022.105719015,0.951298990559752,21.2257810805108
91,0.151515151515152,0.140845070422535,10806.7827788583,1522.08208152934,10045.7417380936,252399.341183374,0.955978062882315,23.3556412068494
92,0.115942028985507,0.10958904109589,9284.70069732896,1017.50144628263,8775.94997418765,242353.59944528,0.960199017592541,26.1024676342018
93,0.179856115107914,0.165016501650165,8267.19925104634,1364.22429885253,7585.08710162007,233577.649471093,0.963788654287476,28.2535405737959
94,0.179487179487179,0.164705882352941,6902.97495219381,1136.96058036133,6334.49466201314,225992.562369472,0.967526485865426,32.7384300152575
95,0.0925925925925926,0.0884955752212389,5766.01437183247,510.266758569245,5510.88099254785,219658.067707459,0.971970340105012,38.0953035393928
96,0.101123595505618,0.0962566844919786,5255.74761326323,505.900839779348,5002.79719337356,214147.186714911,0.974911547524459,40.7453330092367
97,0.151515151515152,0.140845070422535,4749.84677348388,668.992503307589,4415.35052183009,209144.389521538,0.976638510782616,44.0318181818182
98,0.115384615384615,0.109090909090909,4080.85427017629,445.18410220105,3858.26221907577,204729.038999708,0.97888850601285,50.1681818181818
99,0.0180995475113122,1,3635.67016797524,3635.67016797524,200870.776780632,200870.776780632,0.981154299175501,55.25
