"Edad","Mx","qx","lx","dx","Lx","Tx","P_x1","e_0"
25,0.000330846252548752,0.000330791531979387,1e+05,33.0791531979387,99983.460423401,5781617.55872273,0.99983460423401,57.8161755872273
26,0.000350192025906897,0.000350130719413915,99966.9208468021,35.0014899136847,99949.4201018452,5681634.09829933,0.982706663073458,56.8351415665424
27,0.000370811011546257,0.000370742273887455,99931.9193568884,37.0489870163106,99913.3948633802,5581684.67819749,0.982408332114917,55.854873138817
28,0.000392869276216983,0.000392792118239385,99894.8703698721,39.2379177338308,99875.2514110052,5481771.28333411,0.982099778001855,54.8754031416952
29,0.000416557850441598,0.000416471108286779,99855.6324521382,41.5869859160193,99834.8389591802,5381896.0319231,0.981780478197868,53.8967697641162
30,0.000442101979647069,0.000442004274164758,99814.0454662222,44.1182347177458,99791.9863488633,5282061.19296392,0.981449875960628,52.9190172414303
31,0.000469819504736996,0.00046970916547325,99769.9272315045,46.8628492592368,99746.4958068749,5182269.20661506,0.981107377839205,51.9421969166141
32,0.000500119201311494,0.000499994172968271,99723.0643822452,49.8609511016624,99698.1339066944,5082522.71080818,0.980752351560673,50.9663711428535
33,0.000533485657457048,0.000533343391932,99673.2034311436,53.1600444026944,99646.6234089422,4982824.57690149,0.980384124266738,49.9916166569657
34,0.000570494589514468,0.000570331903881772,99620.0433867409,56.8164890095446,99591.6351422361,4883177.95349255,0.980001980428758,49.0180267693247
35,0.000611814600379098,0.000611627499062138,99563.2268977313,60.8956074660156,99532.7790939983,4783586.31835031,0.979605159572158,48.0457139387807
36,0.000658025917578472,0.000657809489731936,99502.3312902653,65.4535777731874,99469.6045013787,4684053.53925631,0.979192853965616,47.0748120020638
37,0.000709651849158028,0.000709400135599017,99436.8777124921,70.5405345327848,99401.6074452257,4584583.93475494,0.978764204194564,46.105469522189
38,0.000767272722552341,0.000766978481718438,99366.3371779593,76.2118424226736,99328.231256748,4485182.32730971,0.978318292595391,45.1378450156315
39,0.000831532376651249,0.000831186797284756,99290.1253355366,82.5286412796466,99248.8610148968,4385854.09605296,0.977854137466843,44.1721075608637
40,0.000903132522590892,0.000902724882490727,99207.596694257,89.5571660680106,99162.818111223,4286605.23503806,0.977370687934144,43.2084374369913
41,0.000982701847686506,0.000982219233358778,99118.039528189,97.3556447974028,99069.3617057903,4187442.41692684,0.976866818222336,42.2470262412317
42,0.00107078433786469,0.00107021135508607,99020.6838833916,105.973060280394,98967.6973532514,4088373.05522105,0.97634131963097,41.2880712885763
43,0.00116789373472731,0.00116721214485177,98914.7108231112,115.454451777236,98856.9835972226,3989405.3578678,0.975792889734741,40.3317699123848
44,0.00127449126048551,0.00127367961371734,98799.256371334,125.838598690601,98736.3370719887,3890548.37427058,0.975220120612146,39.3783163675653
45,0.00139098016931329,0.00139001342875605,98673.4177726434,137.15737576523,98604.8390847607,3791812.03719859,0.974621485823191,38.4278980377007
46,0.0015180168451207,0.00151686553140647,98536.2603968781,149.466256989716,98461.5272683833,3693207.19811383,0.973995325159205,37.48069170921
47,0.00165653818859661,0.00165516726470536,98386.7941398884,162.846600939648,98305.3708394186,3594745.67084544,0.973339831212647,36.5368716632271
48,0.00180756943613476,0.00180593725763952,98223.9475389487,177.386286453017,98135.2543957222,3496440.30000603,0.972653038673443,35.5966176030502
49,0.00197222595004981,0.00197028302839104,98046.5612524957,193.179475627895,97949.9715146818,3398305.0456103,0.971932809950865,34.6601145639241
50,0.00215174767141173,0.00214943515037189,97853.3817768678,210.32949837396,97748.2170276808,3300355.07409562,0.971176816030331,33.7275525297769
51,0.0023479625477534,0.00234520931593318,97643.0522784939,228.993395839674,97528.555580574,3202606.85706794,0.970382514961828,32.799126843491
52,0.00256341624045501,0.00256013489477151,97414.0588826542,249.393131386809,97289.3623169608,3105078.30148737,0.969547134589644,31.8750531196711
53,0.00280117522584578,0.00279725742175071,97164.6657512674,271.79458240466,97028.7684600651,3007788.93917041,0.968667662174458,30.9555836570268
54,0.00306492348785338,0.00306023379663257,96892.8711688627,296.514839003719,96744.6137493609,2910760.17071034,0.967740832078854,30.0410147371682
55,0.00335903693942302,0.00335340483406779,96596.356329859,323.926688269884,96434.3929857241,2814015.55696098,0.966763110639324,29.1316946505894
56,0.00368760819577722,0.00368082148204503,96272.4296415891,354.36162715343,96095.2488280124,2717581.16397526,0.965730682352777,28.2280313698583
57,0.0040542123447826,0.00404601065161715,95918.0680144357,388.085524868945,95724.0252520012,2621485.91514724,0.964639419016489,27.330470363026
58,0.00446264795352887,0.00445271250934513,95529.9824895667,425.367548048815,95317.2987155423,2525761.88989524,0.963484821833718,26.4394677364365
59,0.00491695085446871,0.00490489229728261,95104.6149415179,466.47789326268,94871.3759948866,2430444.5911797,0.962261961787896,25.5554853218662
60,0.00542138218978975,0.00540672622515868,94638.1370482552,511.682497478962,94382.2957995158,2335573.21518481,0.960965423223725,24.6789855340656
61,0.00598071320924895,0.00596288206548184,94126.4545507763,561.264947728216,93845.8220769122,2241190.9193853,0.959589236943682,23.8104253483413
62,0.00660033050956972,0.00657861997649884,93565.1896030481,615.529825427514,93257.4246903343,2147345.09730839,0.958126806036386,22.9502564620297
63,0.00728601447804365,0.0072595678199235,92949.6597776206,674.774358994452,92612.2725981233,2054087.67261805,0.956570825617536,22.0989262094385
64,0.00804392300215696,0.00801170025218449,92274.8854186261,739.278722778702,91905.2460572367,1961475.40001993,0.954913184167994,21.2568716950582
65,0.00888063282990198,0.00884137433033228,91535.6066958474,809.300563352057,91130.9564141714,1869570.15396269,0.953144838800271,20.4245126180772
66,0.00980460641582958,0.00975677574280672,90726.3061324953,885.196222907987,90283.7080210414,1778439.19754852,0.951255663650271,19.6022440828938
67,0.0108270249282392,0.010768728283454,89841.1099095874,967.474501300276,89357.3726589372,1688155.48952748,0.94923430154627,18.7904567433146
68,0.0119609756827152,0.0118898684689016,88873.6354082871,1056.69583535765,88345.2874906083,1598798.11686854,0.947068043664657,17.9895658540762
69,0.0132217321026628,0.013134899044482,87816.9395729294,1153.4666356858,87240.2062550865,1510452.82937793,0.944742687298354,17.2000167248318
70,0.0146271971988749,0.0145209964595062,86663.4729372436,1258.43998369023,86034.2529453985,1423212.62312285,0.942242349738909,16.4222892862077
71,0.0161994320685979,0.0160692755001697,85405.0329535534,1372.39700363172,84718.8344517375,1337178.37017745,0.9395492623185,15.6569036265656
72,0.0179659907047051,0.0178060391378857,84032.6359499217,1496.288404584,83284.4917476297,1252459.53572571,0.936643579988139,14.9044418465238
73,0.0199601491419868,0.0197629137886361,82536.3475453377,1631.15872096741,81720.768184854,1169175.04397808,0.933503247512605,14.1655776969758
74,0.02222215352706,0.0219779547843457,80905.1888243703,1778.13058180096,80016.1235334698,1087454.27579323,0.930103906505905,13.4410943425876
75,0.0248006116574909,0.0244968433086251,79127.0582425693,1938.36314724067,78157.876668949,1007438.15225976,0.92641886163434,12.7319045423297
76,0.0277450017940106,0.0273653755965012,77188.6950953286,2112.29763308748,76132.5462787849,929280.275590808,0.922419181273178,12.0390722299832
77,0.0310998460486202,0.0306236506384686,75076.3974622411,2299.11336707849,73926.8407787019,853147.729312023,0.918073644433718,11.3637275914991
78,0.0349121255848689,0.0343131530309542,72777.2840951627,2497.21808633454,71528.6750519954,779220.888533321,0.913348136273754,10.7069245331335
79,0.0392312699180491,0.0384765283828015,70280.0660088281,2704.13295453384,68927.9995315612,707692.213481326,0.908204879894032,10.0696008650935
80,0.0441087267098839,0.0431569281355004,67575.9330542943,2916.36968651357,66117.7482110375,638764.213949764,0.902601726826291,9.45254005500073
81,0.0496184399325299,0.0484172458305588,64659.5633677807,3130.63797487443,63094.2443803435,572646.465738727,0.896491151559349,8.85633053971521
82,0.0558774126641614,0.0543587008835816,61528.9253929063,3344.6324511212,59856.6091673457,509552.221358383,0.889819900837159,8.28150691897392
83,0.0630333372795293,0.0611074345145094,58184.2929417851,3555.49287071316,56406.5465064285,449695.612191038,0.882530962169535,7.72881458989233
84,0.0712707575539214,0.0688183882227826,54628.8000710719,3759.4659714358,52749.067085354,393289.065684609,0.874567274002073,7.19929899929966
85,0.0808199861278265,0.0776809014394594,50869.3340996361,3951.57572848477,48893.5462353937,340539.998599255,0.865877107481917,6.69440645580795
86,0.0918955546251889,0.087858645162286,46917.7583711514,4122.13068454086,44856.6930288809,291646.452363861,0.856423484945945,6.21612077151555
87,0.104621099648614,0.0994203656573447,42795.6276866105,4254.7569531384,40668.2492100413,246789.759334981,0.846194964261327,5.76670498075657
88,0.119078281461523,0.112386864141135,38540.8707334721,4331.48760300379,36375.1269319702,206121.510124939,0.835210953162606,5.34812800547151
89,0.135292521693992,0.126720362966158,34209.3831304683,4335.02544714129,32041.8704068977,169746.383192969,0.823525808102601,4.96198316542533
90,0.153208543265953,0.142307203587042,29874.357683327,4251.33630087332,27748.6895328903,137704.512786071,0.81123680043025,4.60945518045146
91,0.172677331192121,0.158953498260485,25623.0213824537,4072.86888474422,23586.5869400816,109955.823253181,0.798491066331291,4.29129030538442
92,0.193446976322053,0.176386280051705,21550.1524977095,3801.15123361793,19649.5768809005,86369.2363130995,0.785490333824596,4.00782483197182
93,0.215128987689526,0.194236081858072,17749.0012640915,3447.49646243111,16025.253032876,66719.659432199,0.772493335362278,3.75906556315263
94,0.237182360686209,0.212036680472895,14301.5048016604,3032.44360391124,12785.2829997048,50694.406399323,0.759812127800788,3.54469037366175
95,0.258912851130969,0.229236688791548,11269.0611977492,2583.28227476134,9977.42006036851,37909.1233996182,0.747796967992991,3.36400013580457
96,0.279758873378048,0.245428476357689,8685.77892298785,2131.73748704864,7619.91017946353,27931.7033392497,0.736806890647622,3.21579717684565
97,0.299632706834285,0.260591794458137,6554.04143593921,1707.92941874439,5700.07672656702,20311.7931597862,0.727194933767036,3.09912492289202
98,0.318610343097152,0.274828708537165,4846.11201719482,1331.85070711209,4180.18666363878,14611.7164332192,0.719371072670621,3.01514211420915
99,0.336888393908508,1,3514.26131008273,3514.26131008273,10431.5297695804,10431.5297695804,0.713915426517908,2.96834209216355
