"Edad","Mx","qx","lx","dx","Lx","Tx","P_x1","e_0"
25,0.000150105408505882,0.000150094143534517,1e+05,15.0094143534517,99992.4952928233,6700162.81366053,0.999924952928233,67.0016281366053
26,0.000160566566613197,0.000160553676836873,99984.9905856465,16.0529578670257,99976.964106713,6600170.31836771,0.98507610962991,66.0116111399145
27,0.000171770875615578,0.00017175612426565,99968.9376277795,17.1702772739019,99960.3524891426,6500193.35426099,0.98485236603236,65.0221309589541
28,0.000183778935674124,0.000183762049877152,99951.7673505056,18.3673416571731,99942.583679677,6400233.00177185,0.984621941680609,64.0332149338375
29,0.00019665721942404,0.00019663788429426,99933.4000088484,19.650692348072,99923.5746626744,6300290.41809217,0.984384539804721,63.0448920734642
30,0.000210478389735672,0.000210456241490262,99913.7493165004,21.0274721543509,99903.2355804232,6200366.8434295,0.984139846256019,62.05719318758
31,0.000225318765089962,0.000225293383676466,99892.721844346,22.5051693089647,99881.4692596915,6100463.60784908,0.983887528253866,61.0701510101496
32,0.000241259453200451,0.000241230353648843,99870.2166750371,24.0917276875057,99858.1708111933,6000582.13858938,0.983627232997312,60.083800139479
33,0.000258388565967874,0.000258355187954611,99846.1249473495,25.7957643773121,99833.2270651609,5900723.96777819,0.983358586133,59.0981770288004
34,0.000276801900893386,0.000276763596548575,99820.3291829722,27.626633313342,99806.5158663156,5800890.74071303,0.983081190103059,58.1133200841274
35,0.000296603242525776,0.000296559262306375,99792.7025496589,29.5944502516864,99777.9053245331,5701084.22484672,0.982794622355868,57.1292697680949
36,0.000317900340907334,0.000317849818624485,99763.1080994072,31.7096858148115,99747.2532564998,5601306.31952218,0.982498433387517,56.1460686844365
37,0.000340805961140158,0.000340747896682941,99731.3984135924,33.98326424268,99714.4067814711,5501559.06626568,0.982192144552271,55.1637614009018
38,0.000365440948567655,0.000365374187222875,99697.4151493497,36.4268620284152,99679.2017183355,5401844.65948421,0.981875245620301,54.1823943117491
39,0.000391934796921701,0.000391858005527791,99660.9882873213,39.0529560991983,99641.4618092717,5302165.45776588,0.981547192116433,53.2020156420665
40,0.000420428641862375,0.000420340280315788,99621.9353312221,41.8751122227272,99600.9977751107,5202523.9959566,0.981207402408891,52.2226754445123
41,0.000451107230799338,0.000451005504877147,99580.0602189994,44.9111553347665,99557.604641332,5102922.99818149,0.980855254516362,51.2444257109204
42,0.000484200598456209,0.000484083401719801,99535.1490636646,48.1833135494262,99511.0574068899,5003365.39354016,0.98049008290409,50.267322052634
43,0.000519970062364661,0.000519834913068577,99486.9657501152,51.7167981921676,99461.1073510191,4903854.33613327,0.98011117526308,49.291425255148
44,0.000558712368832585,0.000558556332666709,99435.248951923,55.5401879923874,99407.4788579268,4804393.22878225,0.979717768813369,48.3168019331372
45,0.000600764165836403,0.000600583761235237,99379.7087639306,59.6858392799039,99349.8658442907,4704985.74992433,0.9793090460909,47.3435252371355
46,0.000646496303781154,0.000646287392575914,99320.0229246507,64.1892786465525,99287.9282853275,4605635.88408003,0.978884130340695,46.3716756043654
47,0.000696319626916888,0.000696077280780659,99255.8336460042,69.089730785928,99221.2887806112,4506347.95579471,0.978442080358864,45.4013410623963
48,0.000750699133683774,0.000750417464813405,99186.7439152183,74.4314649119545,99149.5281827623,4407126.6670141,0.977981884720415,44.4326176366992
49,0.00081016225092455,0.000809834202374414,99112.3124503063,80.2645404986775,99072.180180057,4307977.13883133,0.977502455528482,43.4656101984433
50,0.000875307327002754,0.000874924413128062,99032.0479098076,86.6455563983585,98988.7251316085,4208904.95865128,0.977002621651114,42.5004334201439
51,0.000946798914090999,0.000946350912083045,98945.4023534093,93.6370717635727,98898.5838175275,4109916.23351967,0.976481121312055,41.5372128038858
52,0.00102537714314202,0.00102485171338101,98851.7652816457,101.308401019632,98801.1110811359,4011017.64970214,0.975936593789691,40.5760851945745
53,0.00111188046061285,0.00111126266499094,98750.4568806261,109.737695882238,98695.5880326849,3912216.538621,0.975367570100702,39.6171993750901
54,0.00120726063631077,0.00120653233681244,98640.7191847438,119.013217422828,98581.2125760324,3813520.95058832,0.974772462858747,38.6607172180688
55,0.00131259988165671,0.00131173898743687,98521.705967321,129.234762826127,98457.0885859079,3714939.73801229,0.974149555265765,37.7068149758238
56,0.00142913143481289,0.00142811095568331,98392.4712044949,140.515366083893,98322.2135214529,3616482.64942638,0.973496989041715,36.7556847099615
57,0.00155826304608177,0.00155704989942218,98251.955838411,152.98319795623,98175.4642394329,3518160.43590493,0.972812751213656,35.8075358997538
58,0.00170160386604987,0.00170015736887399,98098.9726404547,166.783691213637,98015.5807948479,3419984.97166549,0.972094659687064,34.8625972282113
59,0.00186099648167713,0.00185926643752776,97932.1889492411,182.082032066951,97841.1479332076,3321969.39087064,0.971340347514125,33.9211185465531
60,0.00203855329298137,0.00203647755896442,97750.1069171742,199.065899123198,97650.5739676126,3224128.24293744,0.970547245798805,32.9833730582956
61,0.002236671738679,0.0022341731826705,97551.0410180509,217.94591978412,97442.0680581589,3126477.66896982,0.969712565192926,32.0496597098466
62,0.0024580729503975,0.00245505559751951,97333.0950982668,238.958159944899,97213.6160182944,3029035.60091167,0.968833275533912,31.1203049471875
63,0.00270587712331753,0.00270222118407546,97094.1369383219,262.369833684257,96962.9520214798,2931821.98489337,0.967906083378804,30.1956645101628
64,0.00298366877525141,0.00297922426604288,96831.7671046377,288.483550281949,96687.5253294967,2834859.03287189,0.966927408102847,29.2761261891307
65,0.00329557292077973,0.00329015145376159,96543.2835543557,317.642024737281,96384.4625419871,2738171.5075424,0.965893356880061,28.3621128962405
66,0.00364636287624864,0.00363972699355415,96225.6415296184,350.235064947418,96050.5239971447,2641787.04500041,0.964799698530025,27.4540860731727
67,0.00404157628021135,0.00403342558163199,95875.406464671,386.706317083969,95682.053306129,2545736.52100326,0.963641836998588,26.5525499695413
68,0.00448762965392885,0.00447758278728179,95488.700147587,427.558560160748,95274.9208675067,2450054.46769713,0.962414785459251,25.6580565439716
69,0.00499197010528272,0.00497954124476677,95061.1415874263,473.360875309203,94824.4611497717,2354779.54682963,0.961113141718413,24.7712104810352
70,0.00556324888314803,0.00554781693995048,94587.7807121171,524.755692147005,94325.4028660436,2259955.08567986,0.959731066427242,23.8926748113284
71,0.00621129377466738,0.00619206341220509,94063.0250199701,582.444215667489,93771.8029121364,2165629.68281381,0.958262266598246,23.0231770916791
72,0.00694718147407718,0.00692313334222833,93480.5808043026,647.178525817137,93156.991541394,2071857.87990168,0.956699982616465,22.1635109888654
73,0.00778364600855447,0.00775347087225085,92833.4022784855,719.781080538182,92473.5117382164,1978700.88836028,0.955036977948596,21.3145359299069
74,0.00873534851216442,0.00869736127124416,92113.6211979473,801.145441561081,91713.0484771667,1886227.37662207,0.953265542921524,20.4771818987407
75,0.00981915631179262,0.00977118392065851,91312.4757563862,892.230994866321,90866.360258953,1794514.3281449,0.95137752234229,19.6524550810834
76,0.011053774394552,0.0109930172283731,90420.2447615199,993.991308457102,89923.2491072913,1703647.96788595,0.94936437183375,18.8414438865904
77,0.0124594904837479,0.0123823515878602,89426.2534530628,1107.30731144092,88872.5997973423,1613724.71877865,0.94721723571867,18.0453128300366
78,0.0140589166403894,0.0139607799198256,88318.9461416219,1233.00136983411,87702.4454567048,1524852.11898131,0.944927038197317,17.2652888830463
79,0.0158772008738903,0.0157521508423306,87085.9447717877,1371.79093829207,86400.0493026417,1437149.67352461,0.942484622367646,16.5026592671265
80,0.0179421458777438,0.0177826167260504,85714.1538334957,1524.22194561878,84952.0428606863,1350749.62422197,0.939880966544879,15.7587698625115
81,0.0202828382141583,0.0200792065650446,84189.9318878769,1690.46703307371,83344.6983713401,1265797.58136128,0.937107483624422,15.0350232263764
82,0.0229281590690631,0.0226682880123775,82499.4648548032,1870.12163019569,81564.4040397053,1182452.88298994,0.934156377292404,14.3328551896794
83,0.0259074664424417,0.0255761596929558,80629.3432246075,2062.18895825071,79598.2487454822,1100888.47895023,0.931021011312127,13.653695229583
84,0.0292499537321445,0.0288283399276158,78567.1542663568,2264.96063033597,77434.6739511888,1021290.23020475,0.927696355927547,12.9989464394039
85,0.0329837049836768,0.0324485679868661,76302.1936360208,2475.89691774544,75064.2451771481,943855.556253563,0.924179560656656,12.3699661998707
86,0.0371360117353714,0.0364590400655049,73826.2967182754,2691.63590993945,72480.4787633057,868791.311076415,0.920470622141485,11.7680467488673
87,0.0417336627858993,0.0408806139082359,71134.6608083359,2908.0286039989,69680.6465063365,796310.83231311,0.916573200215937,11.1944138520415
88,0.0468003493659856,0.0457302534470276,68226.632204337,3120.02118254147,66666.6216130663,726630.185806773,0.912495669179924,10.6502426153842
89,0.0523550970664716,0.0510195308222298,65106.6110217956,3321.70874775742,63445.7566479169,659963.564193707,0.908252336724703,10.1366597621365
90,0.0584108179778633,0.0567533142244606,61784.9022740381,3506.49797308608,60031.6532874951,596517.80754579,0.903864758465219,9.65475036118079
91,0.064984290559275,0.0629392590116749,58278.4043009521,3667.99958308473,56444.4045094097,536486.154258295,0.899363183247657,9.20557384323459
92,0.0721084882459278,0.0695991437272368,54610.4047178673,3800.83740696142,52709.9860143866,480041.749748885,0.894788702259343,8.7902983365334
93,0.0798216400481709,0.07675815897975,50809.5673109059,3900.04884534282,48859.5428882345,427331.763734498,0.89019707964576,8.41045862720375
94,0.088166679125911,0.0844441011412143,46909.5184655631,3961.23212179167,44928.9024046673,378472.220846264,0.885663676247125,8.06813272074207
95,0.0971921984315119,0.0926879267472022,42948.2863437714,3980.78761854935,40957.8925344967,333543.318441597,0.881288771196453,7.7661612799126
96,0.106957008385364,0.10152747109665,38967.4987252221,3956.27160053371,36989.3629249552,292585.4259071,0.877203678593045,7.50844769304429
97,0.117535931505721,0.11101198308559,35011.2271246884,3886.66575337166,33067.8942480025,255596.062982145,0.87357756180002,7.3004028699671
98,0.129018130081339,0.121199653735602,31124.5613713167,3772.28606087608,29238.4183408787,222528.168734142,0.870624399052999,7.14960015273392
99,0.14150918636291,1,27352.2753104406,27352.2753104406,193289.750393264,193289.750393264,0.868608012607113,7.06667903124984
