"Edad","Mx","qx","lx","dx","Lx","Tx","P_x1","e_0"
25,0.00107437443681985,0.0010737976064705,1e+05,107.37976064705,99946.3101196765,5281433.85379254,0.999463101196765,52.8143385379254
26,0.00110269892285142,0.00110209128541476,99892.620239353,110.090786243037,99837.5748462314,5181487.54367286,0.981075913684329,51.8705739348661
27,0.00113669600361616,0.00113605033168019,99782.5294531099,113.357975681094,99725.8504652694,5081649.96882663,0.980731870142553,50.9272514605336
28,0.00122615237541045,0.0012254011111688,99669.1714774288,122.134713477715,99608.10412069,4981924.11836136,0.980375301117346,49.9846045122345
29,0.00119449230457382,0.0011937793244656,99547.0367639511,118.837194300622,99487.6181668008,4882316.01424067,0.980006097693545,49.0453173992287
30,0.00121782659045911,0.00121708549092226,99428.1995696505,121.012619084744,99367.6932601081,4782828.39607387,0.979622863846458,48.1033390604991
31,0.0012480278804719,0.00124724957934743,99307.1869505657,123.86084715027,99245.2565269906,4683460.70281376,0.979224073073231,47.1613469944038
32,0.00137698898408813,0.00137604158703463,99183.3261034155,136.480381458717,99115.0859126861,4584215.44628677,0.978809418328766,46.2196180183244
33,0.00139653263258797,0.00139555816133148,99046.8457219567,138.225633901417,98977.732905006,4485100.36037408,0.978379051535859,45.2826168030086
34,0.00151717199140802,0.00151602195838121,98908.6200880553,149.947639926677,98833.646268092,4386122.62746908,0.977931880013327,44.345200889106
35,0.00146001358515315,0.00145894854280688,98758.6724481287,144.083821257739,98686.6305374998,4287288.98120099,0.977466738925828,43.4117720998408
36,0.00166142227816237,0.00166004326173349,98614.5886268709,163.704483358657,98532.7363851916,4188602.35066349,0.976981577176107,42.4744696396995
37,0.00173249281701617,0.00173099335024337,98450.8841435123,170.417825778,98365.6752306233,4090069.61427829,0.976475986943572,41.544264938405
38,0.00176266406334743,0.00176111193898425,98280.4663177343,173.082902601101,98193.9248664337,3991703.93904767,0.975950122001046,40.6154354838199
39,0.00184243496204584,0.00184073924087914,98107.3834151332,180.590110472211,98017.0883598971,3893510.01418124,0.975400499043559,39.6862078943251
40,0.00195625272965497,0.00195434113706294,97926.793304661,191.382360575959,97831.102124373,3795492.92582134,0.974825520416567,38.7584725052024
41,0.00194987059949658,0.00194797145336379,97735.410944085,190.385790501857,97640.2180488341,3697661.82369697,0.974224401405464,37.8333890242956
42,0.00217132812903893,0.0021689733526131,97545.0251535831,211.572560238096,97439.2388734641,3600021.60564813,0.973594064924192,36.9062553418788
43,0.00240078846947629,0.00239791003209834,97333.452593345,233.39686243235,97216.7541621289,3502582.36677467,0.972933707197593,35.9853911831147
44,0.00282991278019577,0.00282591423479139,97100.0557309127,274.396429689023,96962.8575160682,3405365.61261254,0.972244263237227,35.0706864890955
45,0.00277464590233246,0.00277080190525617,96825.6593012237,268.284721269515,96691.5169405889,3308402.75509647,0.97152644721702,34.1686571408108
46,0.00303962432427513,0.00303501167661678,96557.3745799542,293.052759313621,96410.8482002974,3211711.23815588,0.970773958281942,33.2622055242029
47,0.00314668614615233,0.0031417431063985,96264.3218206405,302.437769472124,96113.1029359045,3115300.38995558,0.969981470608281,32.3619419015906
48,0.00345280853112156,0.00344685786100754,95961.8840511684,330.766974398864,95796.500563969,3019187.28701968,0.969148046446566,31.4623594239751
49,0.00364759204752704,0.00364095169430425,95631.1170767696,348.188277748873,95457.0229378951,2923390.78645571,0.968270765786599,30.5694514067938
50,0.00407975791635145,0.00407145264577014,95282.9287990207,387.9399325555,95088.9588327429,2827933.76351782,0.967347156124267,29.6793329000492
51,0.00447634830853478,0.00446635183529317,94894.9888664652,423.834407683861,94683.0716626233,2732844.80468507,0.966375111022948,28.7986208474158
52,0.00491576171962283,0.0049037089871612,94471.1544587813,463.25904914702,94239.5249342078,2638161.73302245,0.965353659490542,27.9255794865247
53,0.00523262740210588,0.0052189729317192,94007.8954096343,490.624661510771,93762.5830788789,2543922.20808824,0.964278336784818,27.0607292823995
54,0.00563963963963964,0.00562378158885306,93517.2707481235,525.920705473084,93254.310395387,2450159.62500936,0.963142511677139,26.2000762576631
55,0.00620518213978392,0.00618598954386667,92991.3500426505,575.243519033881,92703.7282831335,2356905.31461398,0.961939495923646,25.3454252845343
56,0.00676143215832032,0.00673865069356873,92416.1065236166,622.75986032229,92104.7265934554,2264201.58633084,0.960667181787777,24.500075490112
57,0.00740414925591965,0.00737683964503524,91793.3466632943,677.144798816253,91454.7742638862,2172096.85973739,0.959321322293254,23.6629008386068
58,0.00815574565278286,0.00812262263067819,91116.201864478,740.102523285852,90746.1506028351,2080642.0854735,0.957895627971699,22.8350396844696
59,0.00884076686202444,0.00880185926914899,90376.0993411922,795.477707695802,89978.3604873443,1989895.93487067,0.956385506552808,22.0179444496527
60,0.00953044034058484,0.00948524107847759,89580.6216334964,849.693792153598,89155.7747374196,1899917.57438332,0.954782378861841,21.2090242257584
61,0.0105691965671846,0.0105136362232449,88730.9278413428,932.884697074871,88264.4854928053,1810761.7996459,0.953073872288192,20.4073353417838
62,0.011764549843493,0.0116957522135563,87798.0431442679,1026.86415745048,87284.6110655427,1722497.3141531,0.951255606612606,19.618857692793
63,0.0122609322114535,0.012186224972304,86771.1789868174,1057.41310824542,86242.4724326947,1635212.70308755,0.94932670701524,18.8451133450196
64,0.0141233056405772,0.0140242711069622,85713.765878572,1202.07309027978,85112.7293334321,1548970.23065486,0.947259171684604,18.0714289563387
65,0.015105552184938,0.0149923185597493,84511.6927882922,1267.02622030574,83878.1796781394,1463857.50132143,0.94505205610217,17.321360548161
66,0.0168455849207807,0.0167048831568752,83244.6665679865,1390.59242845125,82549.3703537609,1379979.32164329,0.942700584174059,16.5773902225466
67,0.018571305174052,0.0184004450340194,81854.0741395353,1506.15139201507,81100.9984435277,1297429.95128953,0.940180719334649,15.8505238123862
68,0.0205009718707595,0.020292959178117,80347.9227475202,1630.49711636193,79532.6741893392,1216328.952846,0.937491038831869,15.1382750325495
69,0.0223781022454348,0.0221304831382307,78717.4256311583,1742.05466061528,77846.3983008506,1136796.27865666,0.934612528951772,14.4414819151135
70,0.0243588195031606,0.0240657133196762,76975.370970543,1852.46721045281,76049.1373653166,1058949.88035581,0.931521241085658,13.7569961275153
71,0.0270595568164722,0.026698334269931,75122.9037600902,2005.65639591474,74120.0755621328,982900.742990493,0.928184384571852,13.0839024291373
72,0.0302912710007305,0.0298393353046333,73117.2473641754,2181.77006065145,72026.3623338497,908780.66742836,0.924590477633966,12.4290875298135
73,0.0331024444109823,0.0325634790337115,70935.477303524,2309.90592791962,69780.5243395642,836754.305094511,0.920743954052557,11.7959917505615
74,0.0360501985025712,0.0354118955702414,68625.5713756044,2430.16156700105,67410.4905921038,766973.780754946,0.916605718172334,11.176209762351
75,0.040592877318657,0.0397853758776186,66195.4098086033,2633.60926060828,64878.6051782992,699563.290162843,0.912108481041229,10.5681540787428
76,0.0441717007063637,0.0432172118331353,63561.800547995,2746.9637987782,62188.3186486059,634684.684984543,0.907258419515986,9.98531633013288
77,0.0493970806008039,0.0482064516129032,60814.8367492168,2931.66748509773,59349.003006668,572496.366335938,0.902016985568006,9.41376145917731
78,0.0572980478640856,0.0557022332506204,57883.1692641191,3224.2217956351,56271.0583663015,513147.36332927,0.896332961226443,8.86522576170275
79,0.0624635143023935,0.0605717520520804,54658.947468484,3310.7882134887,53003.5533617396,456876.304962968,0.890341328071495,8.35867366868709
80,0.0680714701883861,0.0658308681973987,51348.1592549953,3380.29390409463,49658.012302948,403872.751601228,0.883987081873209,7.86537935265787
81,0.0755981904398539,0.0728447257162364,47967.8653509007,3494.20599467972,46220.7623535608,354214.73929828,0.877045400795004,7.38441739500149
82,0.0843876747987166,0.0809711895910781,44473.6593562209,3601.08510354159,42673.1168044501,307993.97694472,0.869512029778527,6.92531222757674
83,0.0949175824175824,0.0906170087207396,40872.5742526793,3703.75041749412,39020.6990439323,265320.860140269,0.86144821003396,6.49141545379605
84,0.103094306181227,0.0980405927382541,37168.8238351852,3644.05352018531,35346.7970750926,226300.161096337,0.852930150221498,6.08844019654219
85,0.11529216742644,0.109008267701109,33524.7703149999,3654.4771371157,31697.5317464421,190953.364021245,0.843805691945375,5.69588880779913
86,0.125091441111924,0.117728055077453,29870.2931778842,3516.57152042561,28112.0074176714,159255.832274802,0.834003805542197,5.33157914876826
87,0.147278314310799,0.137176735152816,26353.7216574586,3615.11749609623,24546.1629094105,131143.824857131,0.823478945693097,4.97629240233001
88,0.168570249071144,0.155466717431309,22738.6041613624,3535.09614793691,20971.0560873939,106597.661947721,0.812830204272666,4.6879597881761
89,0.172919293820933,0.159158505622053,19203.5080134255,3056.40163811791,17675.3071943665,85626.6058603266,0.803269080163513,4.45890437312098
90,0.195194556665958,0.177838047268501,16147.1063753075,2871.56986682145,14711.3214418968,67951.2986659601,0.793576926040975,4.20826475571329
91,0.227182257605914,0.204008681220477,13275.5365084861,2708.32469559055,11921.3741606908,53239.9772240633,0.783501982585855,4.01038234424883
92,0.232229123533471,0.208069253362189,10567.2118128955,2198.71187202928,9467.85587688091,41318.6030633725,0.776082282858254,3.91007616720145
93,0.263829787234043,0.233082706766917,8368.49994086627,1950.5526177959,7393.22363196832,31850.7471864916,0.770857309421629,3.80602825017103
94,0.277947464874771,0.24403325288281,6417.94732307037,1566.19256207939,5634.85104203068,24457.5235545233,0.767879114776187,3.81080154188968
95,0.306437768240343,0.265723855601042,4851.75476099098,1289.22698152124,4207.14127023036,18822.6725124926,0.769606639467448,3.87955975512827
96,0.30751708428246,0.266535044422507,3562.52777946975,949.538499957386,3087.75852949105,14615.5312422622,0.776485445016478,4.10257327016202
97,0.357512953367876,0.303296703296703,2612.98927951236,792.511034225727,2216.7337623995,11527.7727127712,0.788734430633455,4.41171833468927
98,0.357868020304569,0.303552206673843,1820.47824528663,552.610188558483,1544.17315100739,9311.03895037169,0.807704938531304,5.11461148985369
99,0.163240628778718,1,1267.86805672815,1267.86805672815,7766.8657993643,7766.8657993643,0.834156729529549,6.12592592592593
