"Edad","Mx","qx","lx","dx","Lx","Tx","P_x1","e_0"
25,0.000355608587093948,0.000355545369600682,1e+05,35.5545369600682,99982.22273152,6216608.43296535,0.9998222273152,62.1660843296535
26,0.000380071779662306,0.000379999566106625,99964.4454630399,37.9864459020445,99945.4522400889,6116626.21023383,0.983916918073634,61.1880172185354
27,0.000406267042090778,0.000406184532396518,99926.4590171379,40.588582029916,99906.1647261229,6016680.75799374,0.983660035973284,60.2110874054073
28,0.000434341197384204,0.000434246891726748,99885.870435108,43.3751287638663,99864.182870726,5916774.59326761,0.983395136164838,59.235350981013
29,0.000464456240242744,0.000464348405485456,99842.4953063441,46.36170349519,99819.3144545965,5816910.41039689,0.983121854433266,58.2608677051692
30,0.000496792248785112,0.000496668878160671,99796.1336028489,49.5656337212994,99771.3507859883,5717091.09594229,0.982839805427262,57.2877013321394
31,0.000531560879379741,0.000531419638434578,99746.5679691276,53.0072850852438,99720.064326585,5617319.7451563,0.982548581243213,56.3159200314031
32,0.000569006437265721,0.000568844599146362,99693.5606840424,56.7101435647876,99665.20561226,5517599.68082972,0.98224775002125,55.3455974786233
33,0.000609403808475915,0.000609218178536819,99636.8505404776,60.700580601415,99606.5002501768,5417934.47521746,0.981936854542287,54.3768138578047
34,0.000653062598199295,0.000652849422429273,99576.1499598761,65.0082319890358,99543.6458438816,5318327.97496728,0.981615410687266,53.4096566006045
35,0.000700327355278383,0.000700082211916408,99511.1417278871,69.6659802111864,99476.3087377815,5218784.3291234,0.98128290577181,52.444221204839
36,0.000751530474045754,0.000751248181094922,99441.4757476759,74.7052277808364,99404.1231337855,5119308.02038562,0.980938796764861,51.4806119065994
37,0.000807000032773938,0.000806674539583997,99366.7705198951,80.1566438590851,99326.6921979655,5019903.89725183,0.980582507882326,50.5189397923198
38,0.000867089383597678,0.000866713624506464,99286.613876036,86.0530609774729,99243.5873455473,4920577.20505387,0.980213427541443,49.5593213723397
39,0.000932179296908747,0.000931745020199833,99200.5608150585,92.4296285404615,99154.3460007883,4821333.61770832,0.979830905357279,48.6018786395454
40,0.00100267765897821,0.00100217522962165,99108.1311865181,99.3237141292211,99058.4693294535,4722179.27170753,0.979434249138744,47.646739123963
41,0.00107899515606882,0.00107841335467585,99008.8074723889,106.772420208755,98955.4212622845,4623120.80237808,0.979022721580489,46.6940358176454
42,0.00116154573221898,0.00116087152953359,98902.0350521801,114.812556705009,98844.6287738276,4524165.38111579,0.978595536328754,45.7439058633007
43,0.00125076015054205,0.00124997843893183,98787.2224954751,123.481898161305,98725.4815463944,4425320.75234197,0.978151853337101,44.7964892680799
44,0.00134708470547195,0.00134617799757626,98663.7405973138,132.818956750675,98597.3311189384,4326595.27079557,0.977690773828282,43.8519282220825
45,0.00145098288094508,0.00144993096843821,98530.9216405631,142.863034635411,98459.4901232454,4227997.93967663,0.977211334791477,42.9103663020651
46,0.00156298789490188,0.00156176738314463,98388.0586059277,153.65926082166,98311.2289755169,4129538.44955339,0.976712502813855,41.9719476943169
47,0.001683706120987,0.0016822898801028,98234.399345106,165.258735896249,98151.7699771579,4031227.22057787,0.976193167789454,41.0368185427166
48,0.00181378585926754,0.00181214244010113,98069.1406092098,177.715251762194,97980.2829833287,3933075.45060071,0.975652136531493,40.1051281388648
49,0.00195391862094697,0.00195201158505479,97891.4253574476,191.085196375264,97795.88275926,3835095.16761738,0.975088125256188,39.1770285662268
50,0.00210484501627781,0.00210263215886749,97700.3401610723,205.427877154963,97597.6262224949,3737299.28485812,0.974499750727172,38.2526742352859
51,0.00226741864027607,0.00226485095763667,97494.9122839174,220.811445450933,97384.5065611919,3639701.65863563,0.973885520322679,37.3322214808129
52,0.00244262028418986,0.00243964072622785,97274.1008384664,237.313858012717,97155.4439094601,3542317.15207444,0.973243821693425,36.4158303344979
53,0.00263152724779887,0.00262806932977367,97036.7869804537,255.019403723111,96909.2772785922,3445161.70816498,0.972572912097223,35.5036663452072
54,0.00283532244755794,0.00283130861112739,96781.7675767306,274.019051940127,96644.7580507606,3348252.43088638,0.971870906074185,34.5959008057155
55,0.00305529915577666,0.00305063884862727,96507.7485247905,294.410286843277,96360.5433813689,3251607.67283562,0.971135761103539,33.6927109225884
56,0.00329274075167487,0.00328732859126657,96213.3382379472,316.284857650805,96055.1958091218,3155247.12945426,0.970365261410109,32.7942797458181
57,0.00354889869827286,0.00354261251180704,95897.0533802964,339.726101150466,95727.1903297212,3059191.93364513,0.969556997639758,31.9007917950657
58,0.00382508536888122,0.00381778369460533,95557.3272791459,364.817205986388,95374.9186761528,2963464.74331541,0.968708341154764,31.012428117191
59,0.00412267715523263,0.00411419640347027,95192.5100731596,391.6406825803,94996.6897318694,2868089.82463926,0.967816415264839,30.1293644051933
60,0.00444311209733796,0.00443326335431783,94800.8693905793,420.277220226726,94590.7307804659,2773093.13490739,0.966878063261558,29.2517690263183
61,0.00478786149119445,0.00477642705561192,94380.5921703525,450.802013967147,94155.191163369,2678502.40412692,0.965889811059799,28.3798007888354
62,0.00515841759016748,0.00514514718130546,93929.7901563854,483.282595063739,93688.1488588535,2584347.21296356,0.96484782279146,27.5136057331846
63,0.00555630628247504,0.00554091277823486,93446.5075613217,517.778947827948,93187.6180874077,2490659.0641047,0.963747847661918,26.653313527745
64,0.00598307947617513,0.00596523424089649,92928.7286134937,554.34163388819,92651.5577965496,2397471.44601729,0.962585156904682,25.799034182301
65,0.00644036610065363,0.00641969351241665,92374.3869796055,593.015252806439,92077.8793532023,2304819.88822074,0.961354468704742,24.9508544909706
66,0.00693145153026644,0.00690751198799667,91781.3717267991,633.980925477643,91464.3812640603,2212742.00886754,0.960049859069776,24.1088356736931
67,0.00746196299807412,0.00743422603826569,91147.3908013214,677.610306015162,90808.5856483139,2121277.62760348,0.958664688021686,23.2730482897458
68,0.00803877120182202,0.00800658963074779,90469.7804953063,724.354406409748,90107.6032921014,2030469.04195517,0.957191560186818,22.4436163196009
69,0.00867014443638017,0.00863272096754638,89745.4260888965,774.747221539001,89358.052478127,1940361.43866307,0.955622271785373,21.6207279103122
70,0.00936601831042803,0.00932236160568042,88970.6788673575,829.416840704376,88555.9704470053,1851003.38618494,0.953947728140951,20.804644965613
71,0.0101380217511125,0.0100868911899699,88141.2620266531,889.07131940948,87696.7263669484,1762447.41573793,0.952157856053669,19.9957134174569
72,0.0109997350638596,0.0109395688841404,87252.1907072437,954.501350534049,86774.9400319766,1674750.68937099,0.950241507585502,19.1943683682426
73,0.0119674710766032,0.0118962868422514,86297.6893567096,1026.62206641092,85784.3783235041,1587975.74933901,0.948186353597162,18.401138676786
74,0.0130609289908644,0.0129761884528868,85271.0672902987,1106.4934387377,84717.8205709298,1502191.3710155,0.945978785658905,17.6166596566853
75,0.0143039330625797,0.0142023582715561,84164.573851561,1195.33543161272,83566.9061357546,1417473.55044458,0.943603842888766,16.84168867705
76,0.0157227943434992,0.0156001553265363,82969.2384199483,1294.33300667561,82322.0719166105,1333906.64430882,0.941045174275354,16.077122915812
77,0.0173455270268621,0.0171963868305948,81674.9054132726,1404.51326783888,80972.6487793532,1251584.57239221,0.938284982485212,15.3239794531653
78,0.0192049729732972,0.0190223114843241,80270.3921454338,1526.92840235929,79506.9279442541,1170611.92361286,0.935303893507902,14.5833587244964
79,0.0213399436134912,0.0211146508838512,78743.4637430745,1662.64074632021,77912.1433699144,1091104.9956686,0.932080883219716,13.8564516190027
80,0.0237963165474996,0.023516513349619,77080.8229967543,1812.67220300279,76174.4868952529,1013192.85229869,0.928593358403449,13.1445515616946
81,0.0266249181800074,0.0262751315659512,75268.1507937515,1977.68056483167,74279.3105113356,937018.365403435,0.924817386223727,12.4490685040348
82,0.0298796716766292,0.0294398452219085,73290.4702289198,2157.66009978029,72211.6401790297,862739.0548921,0.920728009979447,11.7715038830747
83,0.0336212451588932,0.0330653952784273,71132.8101291395,2352.03448418532,69956.7928870468,790527.41471307,0.916299558053436,11.1134005992156
84,0.0379178441607696,0.0372123383377944,68780.7756449542,2559.49349443597,67501.0288977362,720570.621826023,0.911506177287427,10.4763375386402
85,0.0428455550679797,0.0419469352068115,66221.2821505182,2777.77983167977,64832.3922346783,653069.592928287,0.906322812985798,9.86192915207964
86,0.0484828860123665,0.0473354074309546,63443.5023188385,3003.12403110893,61941.940303284,588237.200693609,0.9007266714961,9.27182736125433
87,0.054903984022047,0.0534370310719666,60440.3782877295,3229.75437256282,58825.5011014481,526295.260390325,0.894699042783683,8.70767647887426
88,0.0621810552336096,0.0603061065620793,57210.6239151667,3450.14998231109,55485.5489240112,467469.759288877,0.888227188179843,8.17103061106364
89,0.0703812987688404,0.0679887311682084,53760.4739328556,3655.1064096964,51932.9207280074,411984.210364865,0.881306656053181,7.66332921245105
90,0.0795625738505354,0.0765185667899539,50105.3675231592,3833.99091135605,48188.3720674812,360051.289636858,0.873944390533768,7.18588261967021
91,0.089784576258345,0.08592711160602,46271.3766118032,3975.96574228659,44283.3937406599,311862.917569377,0.866162478917703,6.73986685517856
92,0.101124110694016,0.0962571512832856,42295.4108695166,4071.23576265578,40259.7929881887,267579.523828717,0.858003657229274,6.32644342087639
93,0.11365747294712,0.107545782040687,38224.1751068608,4110.8488047275,36168.7507044971,227319.730840528,0.849540830284309,5.94701468913392
94,0.127456449383141,0.119820501538443,34113.3263021333,4087.47586666616,32069.5883688002,191150.980136031,0.840890403262572,5.60341077393199
95,0.142586178063758,0.133097263039952,30025.8504354672,3996.35851340762,28027.6711787633,159081.391767231,0.832229014227507,5.29814774469538
96,0.159132878813453,0.147404432932265,26029.4919220595,3836.86249628617,24111.0606739165,131053.720588468,0.823815526961358,5.03481669872326
97,0.177243202231601,0.1628143351647,22192.6294257734,3613.27820551385,20385.9903230164,106942.659914551,0.816021547761856,4.81883682473216
98,0.197097535602632,0.179416282080141,18579.3512202595,3333.43811940009,16912.6321605595,86556.6695915348,0.809374571950004,4.65875630238104
99,0.218911965234206,1,15245.9131008594,15245.9131008594,69644.0374309753,69644.0374309753,0.804606251137307,4.56804633282669
