"Edad","Mx","qx","lx","dx","Lx","Tx","P_x1","e_0"
25,0.00353852284984988,0.00353227333489615,1e+05,353.227333489615,99823.3863332552,4747207.02837605,0.998233863332552,47.4720702837605
26,0.00361576575290338,0.00360924066850181,99646.7726665104,359.649184392924,99466.9480743139,4647383.64204279,0.978972186016626,46.6385766210038
27,0.0036793847771156,0.00367262827083973,99287.1234821175,364.64469663078,99104.8011338021,4547916.69396848,0.978597216039046,45.8057050548715
28,0.0037383695120468,0.00373139484568254,98922.4787854867,369.118827462306,98737.9193717555,4448811.89283468,0.978208747476567,44.9727094130134
29,0.0038023912779051,0.00379517590602351,98553.3599580244,374.027337170356,98366.3462894392,4350073.97346292,0.977805777868292,44.1392761780592
30,0.00388052343395578,0.00387300878328405,98179.332620854,380.249417577534,97989.2079120652,4251707.62717348,0.977387431365648,43.3055258543323
31,0.00396942329334201,0.00396156073760708,97799.0832032765,387.437008192068,97605.3646991804,4153718.41926142,0.976952975955873,42.4719566197555
32,0.00405767782843832,0.00404946212210334,97411.6461950844,394.464771518726,97214.4138093251,4056113.05456224,0.97650168960742,41.6388924014192
33,0.0041327591143367,0.00412423687556811,97017.1814235657,400.121837190751,96817.1205049703,3958898.64075291,0.976032617310807,40.8061601322844
34,0.00418132902207725,0.00417260550383183,96617.0595863749,403.144874594156,96415.4871490778,3862081.52024794,0.975544430587756,39.9730807041925
35,0.00419167845185039,0.00418291174134429,96213.9147117808,402.454313528606,96012.6875550165,3765666.03309886,0.975035356803424,39.1384764291041
36,0.00417316121966619,0.00416447171373811,95811.4603982522,399.00411668046,95611.9583399119,3669653.34554385,0.974503132590331,38.3007766533406
37,0.00414841347787241,0.00413982662159587,95412.4562815717,394.991026546303,95214.9607682986,3574041.38720394,0.973945234239628,37.4588552322412
38,0.0041399528921845,0.00413140098944698,95017.4652550254,392.555249969356,94821.1876300407,3478826.42643564,0.97335930101168,36.6124945250699
39,0.00417024979492398,0.00416157239670701,94624.9100050561,393.788413517927,94428.0157982971,3384005.2388056,0.972743340423801,35.7623086629597
40,0.00426138228041435,0.00425232189582561,94231.1215915381,400.701061611903,94030.7710607322,3289577.2230073,0.972095783211132,34.9096685622248
41,0.00441518482623386,0.00440545936755774,93830.4205299262,413.366105085446,93623.7374773835,3195546.45194657,0.971415545315951,34.0566144103274
42,0.00461864174517854,0.0046080003936885,93417.0544248408,430.465823566886,93201.8215130573,3101922.71446918,0.970701806753473,33.2051008626573
43,0.00485704210058837,0.00484527524765498,92986.5886012739,450.545616113629,92761.3157932171,3008720.89295613,0.969953532021185,32.3565036443859
44,0.00511265950840265,0.00509962318990707,92536.0429851603,471.898950709361,92300.0935098056,2915959.57716291,0.969169185479987,31.5116086996559
45,0.00536502914165012,0.00535067587564993,92064.1440344509,492.605394497497,91817.8413372021,2823659.4836531,0.968346579893399,30.6705668451822
46,0.0056093962548328,0.00559370759361966,91571.5386399534,512.224411049743,91315.4264344285,2731841.6423159,0.967482679172627,29.8328681912524
47,0.00585589210459091,0.00583879642365212,91059.3142289036,531.676798259937,90793.4758297737,2640526.21588147,0.966573675054965,28.9978706543271
48,0.00611708381738692,0.00609843150903922,90527.6374306437,552.076596545916,90251.5991323708,2549732.7400517,0.96561538556834,28.1652411619063
49,0.00640784095075814,0.0063873763050305,89975.5608340978,574.707765303547,89688.206951446,2459481.14091933,0.964603506197069,27.334990947756
50,0.00674540794147961,0.00672273414931997,89400.8530687942,601.01816790392,89100.3439848423,2369792.93396788,0.96353368787454,26.5074980005428
51,0.00714314401820986,0.00711772255954761,88799.8349008903,632.05258815817,88483.8086068112,2280692.58998304,0.962401633194316,25.6835228638491
52,0.00761095847645337,0.0075821049335467,88167.7823127321,668.497377253238,87833.5336241055,2192208.78137623,0.961203097254124,24.8640571858827
53,0.00816077505157483,0.00812761124802394,87499.2849354789,711.16017243565,87143.7048492611,2104375.24775212,0.959933773475278,24.0501993736734
54,0.0088072214819604,0.00876860794582672,86788.1247630433,761.011040400622,86407.6192428429,2017231.54290286,0.958589274920266,23.243174667162
55,0.00956756182849379,0.00952201061584446,86027.1137226426,819.151090117462,85617.5381775839,1930823.92366002,0.957165244839222,22.4443648067181
56,0.0104478824908871,0.0103935870030537,85207.9626325252,885.616372974103,84765.1544460381,1845206.38548244,0.955657511216616,21.6553280758539
57,0.0114386367194253,0.0113735875513272,84322.3462595511,959.047587716329,83842.8224656929,1760441.2310364,0.954061965581224,20.8775171603695
58,0.012522023957327,0.0124441112278655,83363.2986718347,1037.38216099408,82844.6075913377,1676598.4085707,0.952373972508964,20.111948966544
59,0.013669869133407,0.0135770707432692,82325.9165108407,1117.74479247216,81767.0441146046,1593753.80097937,0.950587685656959,19.3590775362884
60,0.0148433388515136,0.0147339880627886,81208.1717183685,1196.52023269932,80609.9116020188,1511986.75686476,0.948695310364525,18.6186528383912
61,0.0160319712709929,0.0159044811783274,80011.6514856692,1272.54380510072,79375.3795831188,1431376.84526274,0.946686099440996,17.889605059822
62,0.0172670398910743,0.0171192405860224,78739.1076805684,1347.95372791237,78065.1308166122,1352001.46567963,0.944546134132449,17.1706475410475
63,0.0185932558084387,0.018421993390632,77391.1539526561,1425.69932660921,76678.3042893515,1273936.33486301,0.942259581222147,16.4610071022115
64,0.0200692214693752,0.0198698354057165,75965.4546260468,1509.42107993998,75210.7440860769,1197258.03057366,0.939809940111649,15.7605590128746
65,0.0217690357523825,0.0215346415613506,74456.0335461069,1603.38399449531,73654.3415488592,1122047.28648758,0.937180839747602,15.0699309786998
66,0.0237416804185988,0.0234631530776081,72852.6495516116,1709.3528685388,71997.9731173422,1048392.94493873,0.934357185801479,14.3905945959591
67,0.0259940743797586,0.0256605630870036,71143.2966830728,1825.5770527534,70230.5081566961,976394.971821383,0.931325393341377,13.7243425219807
68,0.0285241473989021,0.0281230543254587,69317.7196303194,1949.42599488039,68343.0066328792,906164.463664687,0.928071620416391,13.0726236883929
69,0.0313192368101687,0.0308363513155619,67368.293635439,2077.39237007233,66329.5974504028,837821.457031808,0.924579908644301,12.4364357744557
70,0.0343536773496352,0.0337735544533154,65290.9012653666,2205.1058091919,64188.3483607707,771491.859581405,0.920830868088063,11.8162231586569
71,0.0376309039996512,0.0369359376379557,63085.7954561747,2330.1330068101,61920.7289527697,707303.511220634,0.916799707523035,11.2117713045561
72,0.0412084275094474,0.040376501443047,60755.6624493646,2453.10109256005,59529.1119030846,645382.782267865,0.91245522188076,10.6225947714049
73,0.0451638733163341,0.0441665080295973,58302.5613568046,2575.0205443114,57015.0510846489,585853.67036478,0.907761543166831,10.0485065618203
74,0.0495968210572241,0.048396660794625,55727.5408124932,2697.02688962085,54379.0273676828,528838.619280131,0.902680389372403,9.48971749999731
75,0.0546331386602126,0.0531804317103908,53030.5139228723,2820.18562424224,51620.4211107512,474459.591912448,0.897172737797204,8.94691672425621
76,0.060377716987984,0.0586083964024312,50210.3282986301,2942.74682442232,48738.9548864189,422839.170801697,0.891201649222266,8.42135841627695
77,0.0668800561394498,0.0647159528592766,47267.5814742078,3058.96657445685,45738.0981869794,374100.215915278,0.884734059065506,7.91451993623603
78,0.0741765247225408,0.0715238301450387,44208.6148997509,3161.96946303721,42627.6301682323,328362.117728299,0.87773838067675,7.42755950334352
79,0.0822880465957359,0.079036180157943,41046.6454367137,3244.17006361532,39424.5604049061,285734.487560067,0.870181035305954,6.96121411433282
80,0.0912149037357242,0.0872362793252658,37802.4753730984,3297.74730083409,36153.6017226814,246309.927155161,0.862023794391924,6.51570895091287
81,0.101004391588458,0.0961486725042915,34504.7280722643,3317.58379926977,32845.9361726294,210156.325432479,0.853219063720859,6.09065299666591
82,0.111811595657033,0.10589163909032,31187.1442729945,3302.45782561366,29535.9153601877,177310.38925985,0.843707125612156,5.68536791018041
83,0.123840625135765,0.116619508705225,27884.6864473809,3251.8984338928,26258.7372304345,147774.473899662,0.833422533877005,5.29948486881917
84,0.13734937715548,0.128523093719262,24632.7880134881,3165.88212242423,23049.846952276,121515.736669228,0.822305324204612,4.93308904386664
85,0.152660394477582,0.141834164710064,21466.9058910638,3044.74066596859,19944.5355580796,98465.8897169516,0.810313893623351,4.58686921238801
86,0.170006167775688,0.156687266884544,18422.1652250953,2886.51871921567,16978.9058654874,78521.354158872,0.797447262037526,4.26233036124916
87,0.189361950060622,0.172983686005303,15535.6465058796,2687.41339706246,14191.9398073484,61542.4482933846,0.783767026850632,3.96137027642161
88,0.210576586792149,0.190517341086766,12848.2331088171,2447.81120955479,11624.3275040397,47350.5084860363,0.769395917762441,3.68537121680505
89,0.233354593717132,0.20897227370307,10400.4218992623,2173.39981176005,9313.72199338232,35726.1809819965,0.754504695393762,3.43507035849483
90,0.257230101241822,0.227916596629033,8227.02208750229,1875.07487457541,7289.48465021459,26412.4589886142,0.739302614010835,3.21045193603376
91,0.281982456084087,0.247138145459692,6351.94721292689,1569.80845426061,5567.04298579658,19122.9743383996,0.724013403925893,3.0105688377703
92,0.308107496138194,0.266978463224701,4782.13875866628,1276.728056716,4143.77473030828,13555.931352603,0.708881950721559,2.83470054649434
93,0.336390900220552,0.287957721619955,3505.41070195027,1009.41007907581,3000.70566241237,9412.15662229476,0.694320174503349,2.68503676817618
94,0.367900125109107,0.310739563048213,2496.00062287447,775.606142920081,2108.19755141443,6411.45095988239,0.681188299044606,2.56868964740032
95,0.40396698244638,0.336083636253012,1720.39447995439,578.19643261268,1431.29626364805,4303.25340846797,0.67118245704353,2.50131784227886
96,0.438324392617879,0.359529186473238,1142.19804734171,410.653534752085,936.871279965665,2871.95714481992,0.667392057174338,2.51441258501883
97,0.448258798685848,0.366185796147417,731.544512589623,267.881209759905,597.60390770967,1935.08586485425,0.673786469392318,2.64520590552196
98,0.410804339620033,0.340802721206965,463.663302829718,158.017715328177,384.654445165629,1337.48195714458,0.691174475219124,2.88459739854758
99,0.320777458311145,1,305.645587501541,305.645587501541,952.827511978955,952.827511978955,0.71240401179928,3.11742603506145
