"Edad","Mx","qx","lx","dx","Lx","Tx","P_x1","e_0"
25,0.000313859970846632,0.000313810724534205,1e+05,31.3810724534205,99984.3094637733,5485561.18114598,0.999843094637733,54.8556118114598
26,0.000344529917451295,0.000344470577241524,99968.6189275466,34.4362478680099,99951.4008036126,5385576.87168221,0.981773184882629,53.872674539852
27,0.000378200899132865,0.000378129394694334,99934.1826796786,37.7880520059398,99915.2886536756,5285625.47087859,0.98144091093952,52.8910661912425
28,0.000415169136145412,0.000415082971326095,99896.3946276726,41.4652923068185,99875.6619815192,5185710.18222492,0.981096789925021,51.9108842871934
29,0.000455760549308731,0.000455656714131566,99854.9293353658,45.4995689907925,99832.1795508704,5085834.5202434,0.980740215231491,50.9322329312604
30,0.000500333884518921,0.000500208748825736,99809.429766375,49.9255499844486,99784.4669913828,4986002.34069253,0.980370541126829,49.9552231924711
31,0.000549285674252778,0.00054913485829733,99759.5042163906,54.7814212116795,99732.1135057847,4886217.87370115,0.979987079793965,48.9799735081115
32,0.000603054548074925,0.000602872765493355,99704.7227951789,60.1092619642778,99674.6681641967,4786485.76019536,0.979589098136093,48.0066101786184
33,0.000662124604490692,0.000661905472541084,99644.6135332146,65.9553150068761,99611.6358757112,4686811.09203117,0.9791758143327,47.035267897034
34,0.000727030276742219,0.000726766086267806,99578.6582182077,72.3703917090463,99542.4730223532,4587199.45615545,0.978746394100441,46.0660902470033
35,0.000798361781435229,0.000798043217832704,99506.2878264987,79.4103181316462,99466.5826674329,4487656.9831331,0.978299946628922,45.0992302210879
36,0.000876770788703118,0.000876386593620669,99426.877508367,87.1363824938973,99383.3093171201,4388190.40046567,0.977835520174274,44.1348507610167
37,0.000962976927415691,0.000962513488274924,99339.7411258731,95.6158407553921,99291.9332054954,4288807.09114855,0.977352097277599,43.1731253025334
38,0.00105777558545474,0.00105721643658716,99244.1252851177,104.922520486141,99191.6640248747,4189515.15794305,0.976848589573912,42.2142383330703
39,0.00116204625300974,0.0011613714693276,99139.2027646316,115.137441582727,99081.6340438402,4090323.49391818,0.976323832165444,41.2583859850991
40,0.00127676178179883,0.00127594724146208,99024.0653230489,126.349482987305,98960.8905815552,3991241.85987434,0.975776577527141,40.3057766498841
41,0.00140299766972604,0.00140201415842744,98897.7158400616,138.6559978439,98828.3878411396,3892280.96929278,0.97520548890398,39.3566316090396
42,0.00154194250516947,0.00154075462764426,98759.0598422177,152.163478473694,98682.9781029808,3793452.58145164,0.974609133148192,38.4111856422312
43,0.00169491165194906,0.00169347650541839,98606.896363744,166.988462264227,98523.4021326118,3694769.60334866,0.973985972940456,37.4696876141329
44,0.00186336143887577,0.00186162699689598,98439.9079014797,183.258390121348,98348.278706419,3596246.20121605,0.97333435837425,36.532401115361
45,0.00204890483327238,0.00204680797589508,98256.6495113584,201.112493904576,98156.0932644061,3497897.92250963,0.972652517874565,35.59960511482
46,0.00225332398469444,0.00225078810728114,98055.5370174538,220.70223657195,97945.1858991678,3399741.82924523,0.971938548397095,34.6715946152034
47,0.00247858209883054,0.00247551421621967,97834.8347808819,242.191524341576,97713.7390187111,3301796.64334606,0.971190404795851,33.748681139402
48,0.00272684986223841,0.00272313706926732,97592.6432565403,265.758144539666,97459.7641842705,3204082.90432735,0.970405888195559,32.8311929814712
49,0.00300052897731235,0.00299603413369477,97326.8851120006,291.594669921743,97181.0877770398,3106623.14014308,0.969582633441649,31.9194756574001
50,0.00330227725998664,0.00329683373045762,97035.2904420789,319.909218574198,96875.3358327918,3009442.05236604,0.968718095696485,31.01389235458
51,0.00363502828260233,0.00362843355330842,96715.3812235047,350.92533435238,96539.9185563285,2912566.71653324,0.967809536071104,30.1148243401165
52,0.00400200390261843,0.00399401187705888,96364.4558891523,384.880781347591,96172.0154984785,2816026.79797692,0.966854006121708,29.2226710771468
53,0.00440675771498637,0.00439706930544382,95979.5751078047,422.028843656068,95768.5606859767,2719854.78247844,0.965848330858368,28.3378497917237
54,0.00485321230809803,0.00484146398180518,95557.5462641487,462.638418427557,95326.2270549349,2624086.22179246,0.964789090468018,27.4607953466985
55,0.00534569722609192,0.00533144707517152,95094.9078457211,506.993468297775,94841.4111115722,2528759.99473753,0.963672601051264,26.5919600956983
56,0.00588898678160253,0.00587169760680651,94587.9143774233,555.391630482736,94310.218562182,2433918.58362595,0.962494894213392,25.7318136217082
57,0.00648833330850654,0.0064673521403515,94032.5227469406,608.141437250077,93728.4520283156,2339608.36506377,0.961251695436056,24.8808422524205
58,0.00714952272012135,0.00712405592029058,93424.3813096905,665.560516768785,93091.6010513061,2245879.91303546,0.95993840104698,24.0395481516825
59,0.00787893020404655,0.0078480132298075,92758.8207929217,727.972452764193,92394.8345665396,2152788.31198415,0.958550054029609,23.2084484643257
60,0.00868357853736447,0.00864603925690224,92030.8483401575,795.702327595019,91632.99717636,2060393.47741761,0.957081319118932,22.3880743748242
61,0.00957120424585827,0.00952561842609614,91235.1460125625,869.071187964837,90800.6104185801,1968760.48024125,0.955526457358423,21.5789700163374
62,0.0105503380367328,0.0104949752683487,90366.0748245977,948.389720381902,89891.8799644067,1877959.86982267,0.953879300539671,20.7816912869993
63,0.0116303780547074,0.0115631362317706,89417.6851042158,1033.94887438962,88900.710667021,1788067.98985826,0.952133226375655,19.9968047458876
64,0.0128216724752803,0.0127399984316671,88383.7362298262,1126.00866095287,87820.7318993497,1699167.27919124,0.950281135185431,19.2248862932526
65,0.0141356127227782,0.014036406122296,87257.7275688733,1224.78490146537,86645.3351181406,1611346.54729189,0.948315428989928,18.4665197248008
66,0.0155847446151799,0.0154642414880505,86032.9426674079,1330.4342013364,85367.7255667397,1524701.21217375,0.946227994677023,17.7222952615726
67,0.0171829384182248,0.0170365692580156,84702.5084660715,1443.04015180988,83980.9883901666,1439333.48660701,0.944010193679172,16.9928082730106
68,0.0189455011920113,0.0187677192681285,83259.4683142616,1562.5903277357,82478.1731503938,1355352.49821685,0.941652862820459,16.2786590601454
69,0.0208893014086732,0.0206733752255625,81696.8779865259,1688.95021337245,80852.4028798397,1272874.32506645,0.939146330376116,15.5804524779562
70,0.0230329262617001,0.0227706884675001,80007.9277731535,1821.83559825273,79097.0099740271,1192021.92218661,0.936480451143031,14.8987975987374
71,0.0253968664203555,0.0250784099071323,78186.0921749008,1960.78286859899,77205.7007406013,1112924.91221258,0.933644668355651,14.234307934498
72,0.0280038125593177,0.0276171202301412,76225.3093063018,2105.12353169184,75172.7475404559,1035719.21147198,0.930628113457259,13.5876026072925
73,0.0308788628761765,0.0304093596527419,74120.1857746099,2253.94738674816,72993.2120812359,960546.463931528,0.927419761352482,12.9593099894869
74,0.0340497284198753,0.0334797403860194,71866.2383878618,2406.06300374539,70663.2068859891,887553.251850292,0.924008660879898,12.3500724646276
75,0.0375470074991594,0.0368551079910974,69460.1753841164,2559.96226486217,68180.1942516853,816890.044964303,0.920384262309133,11.7605525820642
76,0.0414044861060757,0.0405647057091107,66900.2131192542,2713.78745705933,65543.3193907245,748709.850712618,0.91653687705955,11.1914419372326
77,0.0456594266556398,0.0446403013724395,64186.4256621949,2865.30138558006,62753.7749694049,683166.531321893,0.912458318361458,10.6434736671164
78,0.0503529323668651,0.0491163560887434,61321.1242766148,3011.8701757323,59815.1891887487,620412.756352488,0.908142784969311,10.117439359948
79,0.0555303749953515,0.0540302159197984,58309.2541008825,3150.46158919307,56734.023306286,560597.567163739,0.903588073300729,9.61421262899082
80,0.0612418409780511,0.0594222761837515,55158.7925116894,3277.66100259186,53519.9620103935,503863.543857453,0.898797235968534,9.13478197969386
81,0.0675426144627098,0.0653361280103647,51881.1315090976,3389.71224960096,50186.2753842971,450343.58184706,0.89378084073982,8.68029606810118
82,0.0744935367698423,0.0718185286668426,48491.4192594966,3482.58238418404,46750.1280674046,400157.306462763,0.888560029703408,8.25212609928705
83,0.0821615344967929,0.0789194624293637,45008.8368753126,3552.07321077059,43232.8002699273,353407.178395358,0.883170624870859,7.85195092631248
84,0.0906203640440768,0.0866923192776919,41456.763664542,3593.98299182629,39659.7721686289,310174.378125431,0.877668584814193,7.4818763142074
85,0.0999513047669395,0.0951939262020483,37862.7806727157,3604.30674916284,36060.6272981343,270514.605956802,0.872137175197008,7.14460483753475
86,0.110243920646158,0.104484528605964,34258.4739235529,3579.48049866213,32468.7336742218,234453.978658668,0.866696191244133,6.8436784190051
87,0.121597057702543,0.114627852881941,30678.9934248907,3516.66714487442,28920.6598524535,201985.244984446,0.861513402928889,6.58382894728774
88,0.134119870452165,0.125691037611442,27162.3262800163,3414.0609740758,25455.2957929784,173064.585131992,0.856817957892515,6.37149349241557
89,0.147932729933484,0.137744285816684,23748.2653059405,3271.18784395192,22112.6713839646,147609.289339014,0.852914472515771,6.21558195672045
90,0.163168360993785,1,20477.0774619886,20477.0774619886,125496.617955049,125496.617955049,0.850194581364196,6.12863911796044
