"Edad","Mx","qx","lx","dx","Lx","Tx","P_x1","e_0"
25,0.000452980612429788,0.000452878039943843,1e+05,45.2878039943843,99977.3560980028,5441796.36227481,0.999773560980028,54.4179636227481
26,0.000464532912156826,0.000464425041798254,99954.7121960056,46.4214713895623,99931.5014603108,5341819.00617681,0.981627876266908,53.4423929479362
27,0.000410921377043192,0.000410836966197247,99908.290724616,41.0460190592539,99887.7677150864,5241887.50471649,0.981292608127539,52.4669921454773
28,0.00065167807103291,0.000651465798045603,99867.2447055568,65.060094270721,99834.7146584214,5141999.73700141,0.980944312974056,51.4883508818312
29,0.000612052730696799,0.000611865483726731,99802.1846112861,61.0655119641691,99771.651855304,5042165.02234299,0.980584457455332,50.5215897024843
30,0.00057344929752461,0.000573284922606535,99741.1190993219,57.180079743544,99712.5290594501,4942393.37048768,0.980212537389555,49.5522149251811
31,0.000576519916142558,0.000576353776427131,99683.9390195783,57.4532147030658,99655.2124122268,4842680.84142823,0.97982505203757,48.5803519509508
32,0.000585573595954219,0.000585402197919161,99626.4858048753,58.3215637611361,99597.3250229947,4743025.62901601,0.979421478376255,47.6080792240883
33,0.0005993243979514,0.000599144856886081,99568.1642411141,59.6557535146521,99538.3363643568,4643428.30399301,0.979001309962633,46.6356725503997
34,0.000697188008366256,0.000696945057497967,99508.5084875995,69.351963169427,99473.8325060148,4543889.96762865,0.978563610796195,45.6633310727886
35,0.000840184840664946,0.000839832033593281,99439.1565244301,83.5121890427127,99397.4004299087,4444416.13512264,0.978108221542625,44.6948293857535
36,0.000755572346052134,0.000755287009063444,99355.6443353873,75.042027443646,99318.1233216655,4345018.73469273,0.977635442450043,43.7319768167934
37,0.000854139290407359,0.000853774669162316,99280.6023079437,84.7632633897001,99238.2206762488,4245700.61137106,0.977142072477464,42.7646540479474
38,0.00109649122807018,0.0010958904109589,99195.839044554,108.70776881595,99141.485160146,4146462.39069482,0.97662618499042,41.8007693733245
39,0.00100963031997515,0.00100912090044634,99087.1312757381,99.9908951356177,99037.1358281702,4047320.90553467,0.976090103847889,40.8460801460873
40,0.00131334981458591,0.00131248793669176,98987.1403806024,129.919427637154,98922.1806667839,3948283.7697065,0.975530199324512,39.8868353457376
41,0.00168222726890403,0.00168081351374065,98857.2209529653,166.160552908589,98774.140676511,3849361.58903972,0.974945524071554,38.9385980298918
42,0.00146020929666586,0.0014591439688716,98691.0604000567,144.004465564285,98619.0581672745,3750587.4483632,0.974340124098045,38.0033149219364
43,0.00143017672898151,0.00142915475704369,98547.0559344924,140.838993781431,98476.6364376017,3651968.39019593,0.973705703566434,37.0581176227478
44,0.00159435144061041,0.00159308147473828,98406.216940711,156.769121207323,98327.8323801073,3553491.75375833,0.973034641619032,36.1104396066692
45,0.00181276705943286,0.0018111254851229,98249.4478195036,177.942078845155,98160.4767800811,3455163.92137822,0.972329235806975,35.1672604585604
46,0.00207711281318967,0.00207495785241862,98071.5057406585,203.494240935097,97969.7586201909,3357003.44459814,0.971590211343453,34.2301611385007
47,0.00153395621252266,0.00153278060335818,97868.0114997234,150.010189716012,97793.0064048654,3259033.68597795,0.970816306793537,33.300295326703
48,0.00313430496787337,0.00312940071976217,97718.0013100074,305.798783633257,97565.1019181907,3161240.67957308,0.969993250813693,32.350648163015
49,0.00190179806362379,0.00189999136367562,97412.2025263741,185.082343516731,97319.6613546158,3063675.57765489,0.969137085148681,31.4506345016212
50,0.00287925139463739,0.00287511230907457,97227.1201828574,279.538890013606,97087.3507378506,2966355.91630028,0.968234345025164,30.509552383341
51,0.00272651006711409,0.00272279819876427,96947.5812928438,263.968699718708,96815.5969429844,2869268.56556243,0.967270498390179,29.5960819991517
52,0.00436681222707424,0.00435729847494553,96683.6125931251,421.279357704249,96472.972914273,2772452.96861944,0.966257743138796,28.6755210553291
53,0.00335830534745544,0.00335267569310123,96262.3332354208,322.736384799606,96100.965043021,2675979.99570517,0.965203026343018,27.798827493208
54,0.00443704936217415,0.00442722744881018,95939.5968506212,424.746416604853,95727.2236423188,2579879.03066215,0.964087562239905,26.8906594915032
55,0.00535077288941736,0.00533649570115624,95514.8504340164,509.71458873771,95259.9931396475,2484151.80701983,0.962894685175316,26.0080165098089
56,0.00639269406392694,0.00637232589895312,95005.1358452787,605.403687680429,94702.4340014385,2388891.81388018,0.961652909910555,25.1448702496529
57,0.0062479447550148,0.00622848713325684,94399.7321575982,587.967517126493,94105.748399035,2294189.37987874,0.960357169189836,24.3029225554226
58,0.00611620795107034,0.00609756097560976,93811.7646404717,572.022955124828,93525.7531629093,2200083.63147971,0.958980828163362,23.4521079516136
59,0.00851221317542561,0.00847613782937166,93239.7416853469,790.312901700011,92844.5852344969,2106557.8783168,0.957489910008554,22.5929184298443
60,0.00812457684495599,0.00809170600134862,92449.4287836469,748.073597709887,92075.3919847919,2013713.2930823,0.955925927224614,21.7817818841786
61,0.011177347242921,0.0111152278621712,91701.355185937,1019.28145816158,91191.7144568562,1921637.90109751,0.954275818558134,20.9553926133494
62,0.0111550917596258,0.0110932188226874,90682.0737277754,1005.95608715729,90179.0956841968,1830446.18664065,0.952544798161624,20.1853145985125
63,0.0123402379903041,0.0122645641699518,89676.1176406181,1099.83849931551,89126.1983909604,1740267.09095646,0.95073381761105,19.4061377403811
64,0.0110041265474553,0.0109439124487004,88576.2791413026,969.371043954064,88091.5936193256,1651140.8925655,0.948785908292976,18.6408924440311
65,0.0146453089244851,0.0145388459791004,87606.9080973486,1273.70334353256,86970.0564255823,1563049.29894617,0.946648045593219,17.84162154438
66,0.0190249702734839,0.0188457008244994,86333.204753816,1627.00974801067,85519.6998798107,1476079.24252059,0.944358724651731,17.097468427469
67,0.0189139719341062,0.0187367784829254,84706.1950058053,1587.12121195525,83912.6343998277,1390559.54264078,0.942062934416871,16.4162673408418
68,0.0184005661712668,0.0182328190743338,83119.0737938501,1515.49503410947,82361.3262767954,1306646.90824095,0.939655489875341,15.7201812845228
69,0.023538344722855,0.0232645403377111,81603.5787597406,1898.46974975757,80654.3438848619,1224285.58196415,0.936967419616312,15.0028417940925
70,0.0244807121661721,0.0241846830340784,79705.1090099831,1927.64279760311,78741.2876111815,1143631.23807929,0.934121298924826,14.3482802079356
71,0.027681660899654,0.0273037542662116,77777.4662123799,2123.6168249114,76715.6577999243,1064889.95046811,0.931148009087767,13.6914970662623
72,0.0321489001692047,0.0316402997502082,75653.8493874686,2393.71047187661,74456.9941515302,988174.292668187,0.9279590743004,13.06178470321
73,0.0302713987473904,0.0298200514138817,73260.1389155919,2184.62110905107,72167.8283610664,913717.298516657,0.924651962003092,12.472229947167
74,0.0342163355408389,0.0336408030385241,71075.5178065409,2391.03749539096,69879.9990588454,841549.470155591,0.921017333831564,11.8402158172972
75,0.0305188199389624,0.030060120240481,68684.4803111499,2064.66373680811,67652.1484427458,771669.471096745,0.916962696149134,11.234990315148
76,0.0475638051044084,0.0464589235127479,66619.8165743418,3095.08496266064,65072.2740930115,704017.322653999,0.912330147846079,10.5676862959894
77,0.0395256916996047,0.0387596899224806,63524.7316116812,2462.19889967756,62293.6321618424,638945.048560988,0.907570066816392,10.0582093359604
78,0.046070460704607,0.0450331125827815,61062.5327120036,2749.83591020943,59687.6147568989,576651.416399145,0.902505493544182,9.44362100273296
79,0.0649350649350649,0.0628930817610063,58312.6968017942,3667.46520766001,56478.9641979642,516963.801642246,0.896492728432692,8.86537289467875
80,0.0502283105022831,0.0489977728285078,54645.2315941342,2677.49464381058,53306.4842722289,460484.837444282,0.8907487061598,8.42680731714042
81,0.0606694560669456,0.0588832487309645,51967.7369503236,3060.02918083124,50437.722359908,407178.353172053,0.884238350673862,7.83521425151299
82,0.0706401766004415,0.0682302771855011,48907.7077694923,3336.98645761995,47239.2145406824,356740.630812146,0.87612867440771,7.29415969551272
83,0.0731707317073171,0.0705882352941176,45570.7213118724,3216.75679848511,43962.3429126298,309501.416271463,0.867581064615099,6.79167253362807
84,0.11371237458194,0.107594936708861,42353.9645133873,4557.07213118724,40075.4284477937,265539.073358833,0.857957538798238,6.2695210804859
85,0.0855018587360595,0.0819964349376114,37796.8923822,3099.21042706097,36247.2871686696,225463.64491104,0.849078977564864,5.96513709728207
86,0.116822429906542,0.11037527593819,34697.6819551391,3829.76622021403,32782.7988450321,189216.35774237,0.839232231063365,5.45328526519465
87,0.194244604316547,0.177049180327869,30867.915734925,5465.1391792982,28135.3461452759,156433.558897338,0.826744372229869,5.06783678693096
88,0.128378378378378,0.120634920634921,25402.7765556268,3064.46193369467,23870.5455887795,128298.212752062,0.820145074090271,5.05055864547387
89,0.155963302752294,0.14468085106383,22338.3146219322,3231.92637083274,20722.3514365158,104427.667163283,0.813944831523806,4.67482300839086
90,0.133333333333333,0.125,19106.3882510994,2388.29853138743,17912.2389854057,83705.3157267668,0.8015626318252,4.38101197498434
91,0.191196045465776,0.174512952285959,16718.089719712,2917.52319356849,15259.3281229278,65793.0767413611,0.786008345707991,3.93544225712496
92,0.211337858331093,0.191140270614813,13800.5665261435,2637.8440204448,12481.6445159211,50533.7486184333,0.768070914468499,3.66171551890302
93,0.232990297016196,0.208680080094863,11162.7225056987,2329.43782656594,9998.00359241575,38052.1041025122,0.753003787425971,3.40885515008423
94,0.256140634565702,0.227060876118663,8833.28467913278,2005.69335824945,7830.43800000806,28054.1005100965,0.737254908020824,3.17595340002681
95,0.280749265477372,0.246190381140918,6827.59132088333,1680.88730956269,5987.14766610198,20223.6625100884,0.720880803246928,2.96204936113135
96,0.306747204202998,0.265956498088816,5146.70401132064,1368.7993755505,4462.30432354539,14236.5148439864,0.703953343608491,2.76614213925493
97,0.334034530371469,0.286229296117831,3777.90463577014,1081.34698469678,3237.23114342175,9774.21052044102,0.686559219552931,2.58720414165471
98,0.362480045565914,0.306864006107687,2696.55765107336,827.476483508707,2282.81940931901,6536.97937701927,0.668798708944149,2.42419418491469
99,0.391922350215552,0.327704910805515,1869.08116756465,612.507077305042,1562.82762891213,4254.15996770026,0.650783752302439,2.27607021114192
100,0.422172458019987,0.348589925231908,1256.57409025961,438.029068171951,1037.55955617364,2691.33233878813,0.632635434309496,2.14180155364503
101,0.453017945128517,0.369355589940279,818.545022087661,302.334179525867,667.377932324728,1653.77278261449,0.614481072731123,2.02038096621322
102,0.484228494180023,0.389842154467239,516.210842561794,201.240747023639,415.590469049975,986.394850289764,0.596451254162224,1.91083714048816
103,0.515562556490354,0.40989841827639,314.970095538156,129.105743965453,250.417223555429,570.804381239789,0.578677373540737,1.81224944629907
104,0.546774738728965,0.429386023360548,185.864351572702,79.8075548062894,145.960574169557,320.38715768436,0.561290642143422,1.72376873226837
105,0.577623441522258,0.44818295195293,106.056796766413,47.5328482494428,82.2903726416913,174.426583514803,0.544424391962192,1.64465257138562
106,0.607878249438809,0.466186064912822,58.5239485169699,27.2830492622868,44.8824238858265,92.1362108731113,0.52822344516822,1.57433346874049
107,0.637326599428227,0.483312608735224,31.2408992546831,15.0991205180152,23.6913389956755,47.2537869872848,0.512868790017445,1.51256167762845
108,0.66577933338475,0.499500708889815,16.1417787366679,8.06282992170814,12.1103637758138,23.5624479916093,0.498636183338058,1.45971818694829
109,0.693074857254392,0.51470894348699,8.07894881495974,4.1583072090334,5.99979521044304,11.4520842157955,0.4860311721377,1.41752157094865
110,0.71908176585605,1,3.92064160592634,3.92064160592634,5.45228900535242,5.45228900535242,0.476095783318836,1.39066243573778
