"Edad","Mx","qx","lx","dx","Lx","Tx","P_x1","e_0"
25,0.000428510212826739,0.000428418421992146,1e+05,42.8418421992146,99978.5790789004,5614106.82225131,0.999785790789004,56.1410682225131
26,0.000450925673836101,0.000450824029771398,99957.1581578008,45.0630888451967,99934.6266133782,5514128.24317241,0.982191543152931,55.1649160980282
27,0.000433226898576769,0.000433133076127149,99912.0950689556,43.2752330795248,99890.4574524158,5414193.61655903,0.981876622703304,54.1895714710252
28,0.000486416810564973,0.000486298538672891,99868.8198358761,48.5660611451728,99844.5368053035,5314303.15910662,0.981550261308183,53.2128362770294
29,0.000443947515538163,0.000443848992709369,99820.2537747309,44.3051190899079,99798.1012151859,5214458.62230131,0.981212111199526,52.2384829242072
30,0.000409755328789252,0.000409671396270415,99775.948655641,40.8753521999616,99755.510979541,5114660.52108613,0.980861272771757,51.2614571948444
31,0.000494182518076676,0.000494060440060501,99735.073303441,49.2751542057644,99710.4357263381,5014905.01010659,0.980496161853112,50.2822612347101
32,0.00048801119172333,0.000487892143310186,99685.7981492353,48.6359177166169,99661.480190377,4915194.57438025,0.980117183570698,49.3068688382464
33,0.000512718732426979,0.000512587325864991,99637.1622315186,51.0727465450304,99611.6258582461,4815533.09418987,0.979723797566459,48.330692949689
34,0.000735859785262735,0.000735589140029424,99586.0894849736,73.254445923145,99549.462262012,4715921.46833163,0.979314517435581,47.3552229304395
35,0.000696130673672172,0.000695888459021283,99512.8350390505,69.2498334281639,99478.2101223364,4616372.00606961,0.9788907718395,46.3897144952013
36,0.000715707016288233,0.000715450989641685,99443.5852056223,71.1470114488797,99408.0116998978,4516893.79594728,0.978450997885018,45.4216708559689
37,0.000732860702466269,0.000732592258427703,99372.4381941734,72.7994789221368,99336.0384547123,4417485.78424738,0.977991952835134,44.4538331203631
38,0.000817235099080027,0.000816901298873065,99299.6387152513,81.1180038441149,99259.0797133292,4318149.74579267,0.977512991935607,43.4860569651745
39,0.000901574099644244,0.000901167864841058,99218.5207114072,89.412542462187,99173.8144401761,4218890.66607934,0.977013516075944,42.5212010401833
40,0.00099191627289413,0.00099142456781305,99129.108168945,98.2790332240894,99079.9686523329,4119716.85163916,0.97649291667178,41.5591033525487
41,0.00126728845855784,0.0012664859570397,99030.8291357209,125.421154414389,98968.1185585137,4020636.88298683,0.975949811062158,40.59985075432
42,0.00115560929691506,0.00115494196607836,98905.4079813065,114.230006349712,98848.2929781316,3921668.76442831,0.975384964760858,39.6507010533693
43,0.00136043674407991,0.00135951197905474,98791.1779749568,134.307789881883,98724.0240800158,3822820.47145018,0.974794328915603,38.6959701241669
44,0.00168892665084809,0.00168750161762042,98656.8701850749,166.483628026681,98573.6283710616,3724096.44737017,0.974175082293999,37.7479686957833
45,0.00177796528447445,0.00177638610805847,98490.3865570482,174.956954457249,98402.9080798196,3625522.81899911,0.973530860501566,36.81093095212
46,0.00195799216803133,0.00195607717613586,98315.429602591,192.31256790762,98219.2733186372,3527119.91091929,0.972858284724026,35.8755479702072
47,0.00209477259021805,0.00209258084971465,98123.1170346834,205.330555621088,98020.4517568728,3428900.63760065,0.97215312328493,34.9448808927324
48,0.0023332599603786,0.00233054108128312,97917.7864790623,228.201423977763,97803.6857670734,3330880.18584378,0.971413446431781,34.0171107376495
49,0.00260697699797505,0.0026035832571432,97689.5850550845,254.342968046685,97562.4135710612,3233076.5000767,0.970637284948664,33.0954062119688
50,0.0027116958164099,0.0027080241475341,97435.2420870378,263.856988392529,97303.3135928416,3135514.08650564,0.969823660662299,32.1804925953252
51,0.0033622049423029,0.00335656221726489,97171.3850986453,326.161799821409,97008.3041987346,3038210.7729128,0.968967349242152,31.2665170906899
52,0.00297751463089086,0.00297308842375053,96845.2232988239,287.929412285269,96701.2585926813,2941202.46871407,0.968070581190873,30.3701346181912
53,0.00369948776323278,0.00369265729299815,96557.2938865386,356.552995462293,96379.0173888075,2844501.21012138,0.967121862700271,29.459205986695
54,0.0042139747161517,0.00420511459286528,96200.7408910763,404.535139365516,95998.4733213936,2748122.19273258,0.966117427883008,28.5665387530035
55,0.00468815274403924,0.00467718905568633,95796.2057517108,448.056965118178,95572.1772691518,2652123.71941118,0.965067611049006,27.6850601607864
56,0.00496673513811816,0.00495443146369809,95348.1487865927,472.395868353661,95111.9508524158,2556551.54214203,0.963963906898593,26.8128073242836
57,0.00571216497506979,0.00569589702333065,94875.752918239,540.402518633252,94605.5516589224,2461439.59128962,0.962796779456781,25.9438214251729
58,0.00592001544351855,0.00590254386809098,94335.3503996057,556.818544045406,94056.941127583,2366834.03963069,0.961564950854895,25.0895770207537
59,0.00687834363926909,0.00685476891119959,93778.5318555603,642.830164701435,93457.1167732096,2272777.09850311,0.960260440929665,24.2355798660155
60,0.00667085609319863,0.00664867989978801,93135.7016908589,619.229467784666,92826.0869569666,2179319.9817299,0.958879770112625,23.3994047627796
61,0.00917109764642842,0.00912923509319,92516.4722230742,844.604624917027,92094.1699106157,2086493.89477293,0.957405939588879,22.5526746171429
62,0.00829063971199114,0.00825641423412709,91671.8675981572,756.880912506439,91293.427141904,1994399.72486232,0.955861759221377,21.7558535362752
63,0.00931128592069353,0.00926813678491531,90914.9866856508,842.612532401365,90493.6804194501,1903106.29772041,0.954225110441085,20.932811707938
64,0.0105379322283291,0.010482699241242,90072.3741532494,944.201608193132,89600.2733491528,1812612.61730096,0.952449487173761,20.1239573658509
65,0.00959594102724365,0.00955011983387914,89128.1725450563,851.184728379944,88702.5801808663,1723012.34395181,0.950568437793084,19.3318486708654
66,0.0130841121495327,0.0129990714948932,88276.9878166763,1147.51887598279,87703.2283786849,1634309.76377095,0.948518894544062,18.5134291981609
67,0.0131247794895919,0.0130392111043604,87129.4689406935,1136.09953892852,86561.4191712293,1546606.53539226,0.946336226875178,17.7506709749946
68,0.0157190976829642,0.0155965161028965,85993.369401765,1341.19697061695,85322.7709164565,1460045.11622103,0.944031389244534,16.9785778412709
69,0.0184366189396871,0.0182682168631801,84652.1724311481,1546.44424391153,83878.9503091923,1374722.34530457,0.941561551784582,16.2396581897849
70,0.0175043820171491,0.017352509539184,83105.7281872365,1442.09294112986,82384.6817166716,1290843.39499538,0.938984806207825,15.5325441838031
71,0.0224589286217488,0.0222095275250449,81663.6352461067,1813.71075479364,80756.7798687099,1208458.71327871,0.9361776323634,14.7980029254983
72,0.020041402215701,0.0198425657946598,79849.924491313,1584.4273804175,79057.7108011043,1127701.93341,0.933173736941657,14.1227676869336
73,0.0250285017366174,0.0247191599675299,78265.4971108955,1934.65734302248,77298.1684393843,1048644.2226089,0.929894852124581,13.3985505914957
74,0.0261850756553447,0.02584667705824,76330.8397678731,1972.89856506448,75344.3904853408,971346.054169512,0.926287517946672,12.7254731786449
75,0.0301546144242773,0.0297067171239357,74357.9412028086,2208.93032523008,73253.4760401935,896001.663684171,0.922433009160922,12.0498449686814
76,0.0338614363919806,0.0332976827094474,72149.0108775785,2402.39487200208,70947.8134415775,822748.187643977,0.918244040151677,11.4034576169035
77,0.0403215516141381,0.0395247029393371,69746.6160055764,2756.71427864442,68368.2588662542,751800.3742024,0.913767280794937,10.7790229441711
78,0.0407789139202347,0.0399640682702865,66989.901726932,2677.18900603489,65651.3072239146,683432.115336146,0.909060621393295,10.2020169864107
79,0.0536863200084379,0.0522828822351189,64312.7127208971,3362.4539854077,62631.4857281933,617780.808112231,0.903938802771035,9.6058894420029
80,0.0491143689589789,0.0479371671030062,60950.2587354894,2921.78273797462,59489.3673665021,555149.322384038,0.898618595939265,9.10823569746049
81,0.0664934077079107,0.0643538541762523,58028.4759975148,3734.35608241422,56161.2979563077,495659.955017536,0.892840781807982,8.54166762950596
82,0.0586505560307956,0.0569796130372679,54294.1199151006,3093.65794296145,52747.2909436199,439498.657061228,0.886693896919067,8.09477449396859
83,0.0787231070131322,0.0757417923989381,51200.4619721391,3878.01476142349,49261.4545914274,386751.366117608,0.87998304409774,7.55366946353062
84,0.0766868975365941,0.0738550405721359,47322.4472107156,3495.00125872016,45574.9465813556,337489.911526181,0.87262758736721,7.13170876441403
85,0.0895901639344262,0.0857490291452556,43827.4459519955,3758.16094029977,41948.3654818456,291914.964944825,0.864959084627867,6.66055159282067
86,0.0938690682369241,0.0896608767576509,40069.2850116957,3592.64722520084,38272.9613990953,249966.59946298,0.856299366187772,6.23835936653269
87,0.10673828125,0.101330366662031,36476.6377864949,3696.19108150363,34628.5422457431,211693.638063884,0.84688769827121,5.80354031813376
88,0.123146819703491,0.116004054510643,32780.4467049912,3802.66472644903,30879.1143417667,177065.095818141,0.836421431638428,5.40154615376797
89,0.144208381839348,0.134509670851714,28977.7819785422,3897.79191594643,27028.886020569,146185.981476375,0.825605864334313,5.0447608993892
90,0.147871416159861,0.137691125313486,25079.9900625958,3453.29205456986,23353.3440353108,119157.095455806,0.815106169910436,4.75108224358973
91,0.165024765709005,0.152446076666437,21626.6980080259,3296.90526257339,19978.2453767392,95803.7514204948,0.804012140897036,4.42988344244419
92,0.181734641852913,0.166596467202417,18329.7927454525,3053.67871594489,16802.9533874801,75825.5060437556,0.791466982445686,4.13673559198138
93,0.199731771099506,0.181596478010292,15276.1140295076,2774.0885054422,13889.0697767865,59022.5526562755,0.778399719775245,3.86371511382191
94,0.21903407629778,0.197413891600273,12502.0255240654,2468.07351159169,11267.9887682696,45133.482879489,0.764681987618003,3.61009364383479
95,0.239643178491316,0.214001213043898,10033.9520124737,2147.27790229364,8960.31306132692,33865.4941112194,0.750340810206111,3.37509030032428
96,0.261542003317832,0.231295286962729,7886.6741101801,1824.15055149563,6974.59883443228,24905.1810498925,0.735414666270632,3.15788134541339
97,0.284692698908133,0.249217497866728,6062.52355868447,1510.88695205343,5307.08008265775,17930.5822154602,0.719953899533591,2.95761031555497
98,0.309035037332442,0.267674619341819,4551.63660663103,1218.35759606225,3942.45780859991,12623.5021328024,0.70402076079371,2.77339849899527
99,0.334485471889725,0.286560337099862,3333.27901056878,955.185556916484,2855.68623211054,8681.04432420253,0.687689060680289,2.60435574000186
100,0.36093700627705,0.305757422004418,2378.0934536523,727.11972367431,2014.53359181514,5825.35809209199,0.671043468336067,2.44959174465804
101,0.388259996919793,0.325140476682223,1650.97372997799,536.798385554871,1382.57453720055,3810.82450027685,0.65417858267805,2.30822842973259
102,0.416303956771006,0.344579129297399,1114.17534442312,383.921570065947,922.214559390144,2428.24996307629,0.637198055932486,2.17941455555504
103,0.444900360793393,0.363941506924248,730.253774357171,265.769659076669,597.368944818836,1506.03540368615,0.620214321666534,2.06234525115859
104,0.473866376105335,0.38309779435327,464.484115280502,177.94284007609,375.512695242457,908.666458867314,0.603349998707384,1.95629178474396
105,0.503009361754924,0.401923675908468,286.541275204412,115.167722629657,228.957413889583,533.153763624857,0.586743087545514,1.86065258223102
106,0.532131913865541,0.420303469145247,171.373552574755,72.0288986669148,135.359103241297,304.196349735274,0.570560259515143,1.77504839670392
107,0.561037180711432,0.438132788494372,99.3446539078398,43.5261502386502,77.5815787885148,168.837246493976,0.555027194247751,1.69951013821643
108,0.589534146332598,0.455320619863244,55.8185036691897,25.4153156904942,43.1108458239426,91.2556677054617,0.540494882500452,1.63486409894274
109,0.617442584343112,0.471790738055917,30.4031879786955,14.3439424957215,23.2312167308347,48.1448218815191,0.527581717301243,1.58354518332932
110,0.644597415181111,1,16.0592454829739,16.0592454829739,24.9136051506844,24.9136051506844,0.517472163714614,1.55135589508846
