"Edad","Mx","qx","lx","dx","Lx","Tx","P_x1","e_0"
25,0.000355348576834661,0.000355285451744837,1e+05,35.5285451744837,99982.2357274128,6207105.40327152,0.999822357274128,62.0710540327152
26,0.000379842278876085,0.000379770152495999,99964.4714548255,37.963522568581,99945.4896935412,6107123.16754411,0.983892292907622,61.0929371071996
27,0.000406072398639836,0.000405989967979775,99926.5079322569,40.5691597557478,99906.2233523791,6007177.67785056,0.983634603895874,60.1159572385238
28,0.000434186181132915,0.000434091942771469,99885.9387725012,43.359681217307,99864.2589318925,5907271.45449819,0.983368858270873,59.1401705494555
29,0.000464346091160166,0.00046423830753843,99842.5790912839,46.3507499376095,99819.4037163151,5807407.19556629,0.983094689366975,58.1656368297208
30,0.00049673206573965,0.000496608725000733,99796.2283413463,49.559677716478,99771.448502488,5707587.79184998,0.982811709192267,57.1924198610749
31,0.000531552649863809,0.000531411413291358,99746.6686636298,53.0065181656443,99720.165404547,5607816.34334749,0.982519506989458,56.2205877998635
32,0.000569049379863574,0.000568887517319103,99693.6621454642,56.7144799503825,99665.304905489,5508096.17794294,0.982217647779631,55.2502140999296
33,0.000609493830257551,0.000609308145479853,99636.9476655138,60.7096038033474,99606.5928636121,5408430.87303745,0.981905670909561,54.2813785423639
34,0.00065319143667497,0.00065297817679826,99576.2380617104,65.0211103819651,99543.7275065194,5308824.28017384,0.981583088477625,53.31416795324
35,0.000700484807076233,0.000700239553491965,99511.2169513285,69.6816901254403,99476.3761062657,5209280.55266732,0.981249383619972,52.3486769859845
36,0.000751716406090512,0.000751433973467538,99441.535261203,74.7237479690381,99404.1733872185,5109804.17656106,0.980904008701292,51.3850089214646
37,0.000807212039057293,0.000806886374859324,99366.811513234,80.1777263232431,99326.7226500724,5010400.00317384,0.980546383001683,50.4232743998889
38,0.000867319642941894,0.000866943684298536,99286.6337869108,86.0759200968239,99243.5958268624,4911073.28052376,0.980175889632134,49.4635893393659
39,0.000932413045469813,0.000931978550990293,99200.5578668139,92.4527921781419,99154.3314707249,4811829.6846969,0.97979187233462,48.5060748464463
40,0.00100289313999012,0.00100239049471475,99108.1050746358,99.3450224760053,99058.4325633978,4712675.35322618,0.979393632366901,47.5508572147271
41,0.00107917578207757,0.00107859378593133,99008.7600521598,106.790233345026,98955.3649354873,4613616.92066278,0.978980425100663,46.5980678702797
42,0.00116168082465964,0.00116100646518569,98901.9698188148,114.825826379244,98844.5569056251,4514661.55572729,0.978551456127122,45.6478426465925
43,0.00125084581441928,0.00125006399576086,98787.1439924355,123.490251948987,98725.398866461,4415816.99882167,0.978105876667492,44.7003205109341
44,0.00134712624290133,0.00134621947910683,98663.6537404865,132.822932545294,98597.2422742139,4317091.59995521,0.977642778472748,43.7556428967286
45,0.00145099419309385,0.00144994226419102,98530.8308079412,142.864015914289,98459.3987999841,4218494.35768099,0.977161188269613,42.8139529839527
46,0.00156296828401682,0.00156174780287505,98387.9667920269,153.657190966792,98311.1381965435,4120034.95888101,0.976660061516804,41.8753948599219
47,0.00168365615505558,0.00168223999819196,98234.3096010601,165.253684805676,98151.6827586573,4021723.82068447,0.976138275723941,40.9401138667041
48,0.00181371487700469,0.00181207158640746,98069.0559162545,177.708149731649,97980.2018413886,3923572.13792581,0.975594623814334,40.0082584793752
49,0.00195384736752889,0.00195194047065381,97891.3477665228,191.078083432322,97795.8087248066,3825591.93608442,0.975027806703412,39.0799802369531
50,0.00210480515926591,0.00210259238561537,97700.2696830905,205.423843108235,97597.5577615364,3727796.12735961,0.974436424386417,38.1554333417035
51,0.00226741700304057,0.00226484932410716,97494.8458399823,220.811135704616,97384.44027213,3630198.56959808,0.97381896583742,37.2347741905895
52,0.00244264545705258,0.00243966583771496,97274.0347042776,237.316139364726,97155.3766345953,3532814.12932595,0.973173797960338,36.3181617794105
53,0.00263155423587206,0.00262809624696657,97036.7185649129,255.021835878398,96909.2076469737,3435658.75269135,0.972499154193223,35.4057598350573
54,0.00283530894137957,0.00283129514316203,96781.6967290345,274.017547895896,96644.6879550866,3338749.54504438,0.971793121895165,34.4977372569947
55,0.00305518799457747,0.00305052802627597,96507.6791811386,294.399380092913,96360.4794910921,3242104.85708929,0.971053627517963,33.594268192939
56,0.00329253820429901,0.00328712670916286,96213.2798010457,316.265241810177,96055.1471801406,3145744.3775982,0.97027841981101,32.6955320939387
57,0.00354861712667944,0.0035423319367898,95897.0145592355,339.699057315976,95727.1650305775,3049689.23041806,0.969465050032616,31.8017119139227
58,0.00382470082885111,0.00381740062119115,95557.3155019195,364.780555556386,95374.9252241413,2953962.06538748,0.968610845959063,30.912987141504
59,0.00412211750086465,0.00411363904910637,95192.5349463632,391.587728938782,94996.7410818938,2858587.14016334,0.967712880831586,30.029530590545
60,0.00444224393448819,0.00443239903562258,94800.9472174244,420.195627022619,94590.8494039131,2763590.39908144,0.96676793939664,29.1515061842494
61,0.00478653217968117,0.00477510408499909,94380.7515904017,450.677912464611,94155.4126341695,2668999.54967753,0.965772478643958,28.2790664908093
62,0.00515663872767643,0.00514337745798099,93930.0736779371,483.117823581595,93688.5147661463,2574844.13704336,0.964722582045566,27.4123508714777
63,0.00555435970220083,0.00553897696697244,93446.9558543555,517.600536110966,93188.1555863001,2481155.62227722,0.963613908345642,26.5514868792975
64,0.00598159905754464,0.00596376263905404,92929.3553182446,554.208617318325,92652.2510095854,2387967.46669092,0.962441632137217,25.6965891833976
65,0.00644037312922961,0.00641970049594372,92375.1467009263,593.02077508881,92078.6363133819,2295315.21568133,0.961200371319138,24.8477571907154
66,0.0069331564879143,0.00690920518752818,91782.1259258374,634.14154056916,91465.0551555529,2203236.57936795,0.959884099715668,24.0050724162592
67,0.00746496789639662,0.00743720863454877,91147.9843852683,677.886576491834,90809.0410970224,2111771.52421239,0.958486049109718,23.1686036554167
68,0.00804275906819043,0.00801054562396129,90470.0978087765,724.714846101444,90107.7403857257,2020962.48311537,0.95699864305591,22.3384580326973
69,0.00867492380829548,0.00863745915824795,89745.382962675,775.172079981427,89357.7969226843,1930854.74272965,0.955413452185009,21.5148086618861
70,0.00937158604261142,0.00932787753913495,88970.2108826936,829.903231744777,88555.2592668212,1841496.94580696,0.953721118971198,20.6979046979551
71,0.0101448322690771,0.0100936331613732,88140.3076509488,889.655932159256,87695.4796848692,1752941.68654014,0.951911264654303,19.8880822322756
72,0.0110079916630792,0.0109477353732202,87250.6517187896,955.197046158312,86773.0531957104,1665246.20685527,0.949972391917978,19.0857738486859
73,0.0119763339008328,0.0119050445067741,86295.4546726313,1027.35122860998,85781.7790583263,1578473.15365956,0.947891757483972,18.2914981982264
74,0.0130681226882372,0.0129832890809339,85268.1034440213,1107.0604363967,84714.5732258229,1492691.37460124,0.945655218234502,17.5058587480041
75,0.0143052988673623,0.01420370474665,84161.0430076246,1195.39860605041,83563.3437045994,1407976.80137541,0.943247094029431,16.7295550418482
76,0.0157140949337492,0.0155915910626856,82965.6444015742,1293.56639976153,82318.8612016934,1324413.45767081,0.94065005643348,15.9633962614733
77,0.0173229847315338,0.0171742302671867,81672.0780018126,1402.65507400276,80970.7504648113,1242094.59646912,0.937845043234109,15.2083138675809
78,0.0191634562857633,0.0189815799469889,80269.4229278099,1523.64046860289,79507.6026935084,1161123.84600431,0.934811124132586,14.4653319240698
79,0.0212725005487668,0.0210486221357995,78745.782459207,1657.49021977172,77917.0373493211,1081616.2433108,0.931525303724394,13.735545060729
80,0.0236936871531759,0.023416278168567,77088.2922394353,1805.1208946184,76185.7317921261,1003699.20596148,0.927962400868889,13.0201250644391
81,0.0264782447636792,0.0261322763588484,75283.1713448169,1967.32063875329,74299.5110254402,927513.474169353,0.92409505622838,12.3203294654139
82,0.029683152201919,0.0292490501975315,73315.8507060636,2144.41899757638,72243.6412072754,853213.963143913,0.919893874218938,11.6375102372419
83,0.0333712177440039,0.0328235370431069,71171.4317084872,2336.09812509448,70003.38264594,780970.321936637,0.915327638402596,10.9730871388879
84,0.0376141021835457,0.0369197505486811,68835.3335833927,2541.38334483411,67564.6419109757,710966.939290697,0.910363581458068,10.3285173802401
85,0.0424933876505039,0.0416093270190553,66293.9502385586,2758.44665486116,64914.726911128,643402.297379722,0.904967955361775,9.70529430007475
86,0.0481015667695669,0.0469718568161017,63535.5035836974,2984.38057707235,62043.3132951613,578487.570468594,0.899107094930348,9.10494979718753
87,0.054542327954054,0.053094382346815,60551.1230066251,3214.92447644278,58943.6607684037,516444.257173432,0.892749098749167,8.52906158514891
88,0.0619309041252065,0.0600707851085643,57336.1985301823,3444.23046084856,55614.083299758,457500.596405029,0.885866364182245,7.97926280662287
89,0.0703951651282292,0.0680016707089531,53891.9680693337,3664.74386650825,52059.5961360796,401886.513105271,0.878439320654956,7.45726176836279
90,0.0800759805340771,0.0769933226319136,50227.2242028255,3867.1608779536,48293.6437638487,349826.916969191,0.870461947742837,6.96488652362182
91,0.0883987507484307,0.0846569657415766,46360.0633248719,3924.702292671,44397.7121785364,301533.273205342,0.861949891728595,6.50416008046243
92,0.0992663258598348,0.0945723985918523,42435.3610322009,4013.21387792646,40428.7540932377,257135.561026806,0.852760155764628,6.05946443655059
93,0.111306809276236,0.105438782072978,38422.1471542744,4051.18440057545,36396.5549539867,216706.806933568,0.842772606278977,5.64015347875892
94,0.124605704647229,0.117297721995827,34370.962753699,4031.63563381229,32355.1449367928,180310.251979581,0.832047015647533,5.2460052769449
95,0.139244583390733,0.130181078378638,30339.3271198867,3949.6063217491,28364.5239590121,147955.107042789,0.820558484159532,4.87667727297115
96,0.155298162506912,0.144108286462119,26389.7207981376,3802.97744443335,24488.2320759209,119590.583083777,0.808289659438325,4.53171081265159
97,0.172830940038742,0.159083651520224,22586.7433537042,3593.18160865742,20790.1525493755,95102.3510078556,0.795232772978737,4.21053843480534
98,0.191893456819132,0.175093781335163,18993.5617450468,3325.65454696314,17330.7344715652,74312.1984584801,0.781391812830597,3.91249411016127
99,0.212518304864993,0.192105352889237,15667.9071980837,3009.88884132367,14162.9627774218,56981.4639869149,0.766784796694606,3.63682674823886
100,0.234716060491698,0.210063430107585,12658.01835676,2658.98675438578,11328.5249795671,42818.501209493,0.751446140789324,3.38271757890333
101,0.258471378548046,0.228890550487485,9999.03160237421,2288.68384780919,8854.68967846961,31489.9762299259,0.735429203274973,3.14930260070874
102,0.283739535329822,0.248486774380637,7710.34775456502,1915.91944288485,6752.38803312259,22635.2865514563,0.718809261276777,2.93570241861721
103,0.310443742034825,0.268730838485091,5794.42831168017,1557.14157873956,5015.85752231039,15882.8985183337,0.701687539153855,2.74106394349856
104,0.338473557700691,0.28948247593913,4237.28673294061,1226.62025471567,3623.97660558277,10867.0409960233,0.684197596772368,2.56462252401829
105,0.367684701290644,0.310585865668867,3010.66647822493,935.070454379731,2543.13125103507,7243.06439044057,0.666516708006446,2.40580098885979
106,0.397900491491559,0.331874064752415,2075.5960238452,688.836489217458,1731.17777923647,4699.9331394055,0.648887388825163,2.26437759824694
107,0.428915030429636,0.35317417452332,1386.75953462774,489.767653904497,1141.8757076755,2968.75536016903,0.631659062397758,2.14078597337061
108,0.460498102104872,0.37431290982174,896.991880723247,335.755640959994,729.11406024325,1826.87965249354,0.615368877140998,2.03667356612026
109,0.492401593856965,0.395122194650003,561.236239763253,221.756894772372,450.357792377067,1097.76559225029,0.6008965017219,1.95597774069857
110,0.5243670914335,1,339.479344990881,339.479344990881,647.407799873219,647.407799873219,0.589750493587717,1.907060943253
