"Edad","Mx","qx","lx","dx","Lx","Tx","P_x1","e_0"
25,0.00030601028149568,0.00030596346751227,1e+05,30.596346751227,99984.7018266244,6132010.75438953,0.999847018266244,61.3201075438953
26,0.000322806632224887,0.000322754538572071,99969.4036532488,32.2655787474295,99953.270863875,6032026.05256291,0.983694630386117,60.3387219702284
27,0.000340579968389796,0.000340521980907049,99937.1380745013,34.0307922233105,99920.1226783897,5932072.78169903,0.983429569104496,59.3580414247683
28,0.000359418448707589,0.000359353869502432,99903.107282278,35.9005681772032,99885.1569981894,5832152.65902064,0.983155951325032,58.3780907088484
29,0.000379420361867694,0.000379348395614925,99867.2067141008,37.8844646415382,99848.2644817801,5732267.50202246,0.982873363775261,57.3988969014899
30,0.000400695978877394,0.000400615716324091,99829.3222494593,39.9931954431156,99809.3256517377,5632419.23754068,0.982581366894244,56.4204895978965
31,0.000423380754701962,0.000423291148039105,99789.3290540162,42.2399396573265,99768.2090841875,5532609.91188894,0.982279492800092,55.4429012033353
32,0.000447638870132621,0.000447538702273108,99747.0891143589,44.6406828177602,99724.76877295,5432841.70280475,0.981967243186656,54.4661678956472
33,0.000473657224520447,0.000473545075497374,99702.4484315411,47.2136034697872,99678.8416298062,5333116.9340318,0.981644087159494,53.4903306581652
34,0.000501648346152908,0.000501522552173479,99655.2348280713,49.9793477084217,99630.2451542171,5233438.09240199,0.981309458828151,52.5154358567405
35,0.000531853870703161,0.000531712474034452,99605.2554803629,52.9613568182975,99578.7748019537,5133807.84724778,0.980962754618448,51.5415358606244
36,0.000564538917827296,0.000564379610699962,99552.2941235446,56.1852850017342,99524.2014810437,5034229.07244582,0.980603330361237,50.5686897199811
37,0.000599992590349489,0.000599812648777057,99496.1088385429,59.6790245854568,99466.2693262501,4934704.87096478,0.980230498046707,49.596963424696
38,0.000638542264121626,0.00063833846107852,99436.4298139574,63.4740975825838,99404.6927651661,4835238.60163853,0.979843522170597,48.6264300788465
39,0.000680560110454772,0.000680328608198402,99372.9557163748,67.6062646550827,99339.1525840473,4735833.90887336,0.97944161582192,47.6571706530511
40,0.000726469787239923,0.000726206003879358,99305.3494517197,72.1161409891766,99269.2913812251,4636494.75628932,0.979023936545173,46.6892748667431
41,0.000776737825997956,0.000776436282282993,99233.2333107306,77.0482827507045,99194.7091693552,4537225.46490809,0.978589581871829,45.7228421722449
42,0.000831868443477892,0.000831522584778733,99156.1850279799,82.4506072712642,99114.9597243442,4438030.75573874,0.978137584315228,44.7579821116193
43,0.00089243062097706,0.000892032582381347,99073.7344207086,88.3769991614684,99029.5459211279,4338915.79601439,0.977666905621107,43.7948142500568
44,0.000959069803779095,0.000958610116770799,98985.3574215471,94.8883650364685,98937.9132390289,4239886.25009326,0.97717643057003,42.8334691164163
45,0.00103251925197601,0.00103198647902233,98890.4690565106,102.053626970495,98839.4422430254,4140948.33685423,0.976664960472264,41.8740893471534
46,0.00111358999006523,0.00111297029377604,98788.4154295402,109.948571742285,98733.441143669,4042108.89461121,0.976131206138613,40.9168309567047
47,0.00120315294892959,0.0012024295955727,98678.4668577979,118.653908995556,98619.1399033001,3943375.45346754,0.975573779995067,39.9618638091551
48,0.0013021823600159,0.00130133507222814,98559.8129488023,128.259341302522,98495.6832781511,3844756.31356424,0.974991186848166,39.0093710462035
49,0.00141177441853591,0.00141077856798965,98431.5536074998,138.865126243386,98362.1210443781,3746260.63028609,0.974381813762641,38.0595499409109
50,0.00153316331766412,0.00153198892305417,98292.6884812564,150.583309970499,98217.3968262712,3647898.50924171,0.973743919403475,37.1126130092304
51,0.00166772834360168,0.00166633884334214,98142.1051712859,163.538002014283,98060.3361702788,3549681.11241544,0.973075622422761,36.1687891880884
52,0.00181699050925897,0.00181534128032026,97978.5671692716,177.86453756901,97889.6349004871,3451620.77624516,0.972374888598499,35.2283246833157
53,0.00198264957495772,0.00198068607175857,97800.7026317026,193.712489510815,97703.8463869472,3353731.14134467,0.971639516260249,34.2914830987885
54,0.0021666098402755,0.00216426528104806,97606.9901421918,211.247419952346,97501.3664322156,3256027.29495773,0.97086712015091,33.3585462497554
55,0.00237100463614796,0.00236819713295718,97395.7427222395,230.652318677042,97280.4165629009,3158525.92852551,0.970055113916519,32.4298151052991
56,0.00259821966152301,0.00259484866810893,97165.0904035624,252.128705420368,97039.0260508522,3061245.51196261,0.969200690839884,31.5056107007993
57,0.00285091080312534,0.0028468527415075,96912.9616981421,275.896930697967,96775.0132327931,2964206.48591176,0.968300802509421,30.5862748797676
58,0.00313204315359763,0.00312714597552615,96637.0647674441,302.198208174173,96485.965663357,2867431.47267896,0.967352134983597,29.6721706063756
59,0.00344492861491421,0.0034390050514599,96334.8665592699,331.296092729045,96169.2185129054,2770945.50701561,0.966351082289959,28.7636824130626
60,0.00379326460546096,0.00378608379663143,96003.5704665409,363.477562562134,95821.8316852598,2674776.2885027,0.965293717155599,27.8612167808375
61,0.00418118232960735,0.00417245942280254,95640.0929039787,399.054406834916,95440.5657005613,2578954.45681744,0.964175758512163,26.965202338382
62,0.00461331943321852,0.00460270256462517,95241.0384971438,438.366172148368,95021.8554110696,2483513.89111688,0.962992535425252,26.076089995505
63,0.00509486404497892,0.00508191820381086,94802.6723249955,481.77942625831,94561.7826118663,2388492.03570581,0.961738947484471,25.1943534620813
64,0.00563160937763169,0.00561579639182017,94320.8928987371,529.686930013985,94056.0494337302,2293930.25309395,0.960409421007794,24.3204891577596
65,0.00623002082014166,0.00621067450440688,93791.2059687232,582.506651647523,93499.9526428994,2199874.20366022,0.958997859979888,23.4550156482028
66,0.00689732961976213,0.00687362479182623,93208.6993170756,640.681626439728,92888.3585038558,2106374.25101732,0.957497591231657,22.5984727439645
67,0.00764174203601251,0.00761265506291255,92568.0176906359,704.688388536398,92215.6734963677,2013485.89251346,0.955901303645829,21.751420660671
68,0.0084725114231846,0.00843677110341038,91863.3293020995,775.029882119026,91475.81436104,1921270.21901709,0.954200983558294,20.9144414165401
69,0.00940002151692675,0.0093560479907137,91088.2994199805,852.226500765837,90662.1861695976,1829794.40465605,0.952387845574456,20.0881388313051
70,0.0104359243789197,0.010381752785425,90236.0729192147,936.808601374875,89767.6686185272,1739132.21848645,0.950452255215722,19.2731372523652
71,0.0115933129285188,0.0115264977806484,89299.2643178398,1029.30777197311,88784.6104318532,1649364.54986793,0.948383643483616,18.4700799325446
72,0.0128870575914756,0.0128045510977606,88269.9565458667,1130.25716898866,87704.8279613724,1560579.93943607,0.946170414273204,17.6796273670438
73,0.0143340060406907,0.0142320052163198,87139.699376878,1240.17265608027,86519.6130488379,1472875.1114747,0.943799849181026,16.9024580301171
74,0.0159531721687439,0.0158269273205207,85899.5267207978,1359.52556627719,85219.7639376592,1386355.49842586,0.941258011371914,16.1392681816744
75,0.0177660233540385,0.0176095970973947,84540.0011545206,1488.71535894439,83795.6434750484,1301135.7344882,0.938529645509812,15.3907702474479
76,0.0197967897928047,0.0196027539927277,83051.2857955762,1628.0339242304,82237.268833461,1217340.09101316,0.935598076930837,14.6576910802987
77,0.0220725994203721,0.021831658691878,81423.2518713458,1777.60464443804,80534.4495491268,1135102.8221797,0.932445115838568,13.9407699409161
78,0.0246238457669197,0.0243243660479483,79645.6472269077,1937.32987727307,78676.9822882712,1054568.37263057,0.929050965273367,13.2407533788524
79,0.02748472751264,0.0271121425869963,77708.3173496347,2106.83898017886,76654.8978595452,975891.390342297,0.92539413817995,12.5583904481093
80,0.030693725447628,0.0302297929648274,75601.4783694558,2285.41703894353,74458.769849984,899236.492482752,0.921451404717631,11.8944300015971
81,0.0342940852700953,0.0337159563294331,73316.0613305123,2471.92112206559,72080.1007694795,824777.722632768,0.91719778893269,11.2496185373984
82,0.0383334242609634,0.0376125159943957,70844.1402084467,2664.62635669941,69511.827030097,752697.621863289,0.912606634743488,10.6246983822318
83,0.0428639311735473,0.0419645484160304,68179.5138517473,2861.12251001307,66748.9525967407,683185.794833192,0.907649732095577,10.0203969819841
84,0.0479434461046311,0.0468210645131082,65318.3913417342,3058.27661490379,63789.2530342823,616436.842236451,0.902297511011571,9.43741616371663
85,0.0536359818766116,0.0522351403558863,62260.1147268304,3252.16583132957,60634.0318111656,552647.589202169,0.896519402047981,8.87643062700638
86,0.0600122924428494,0.0582640139216686,59007.9488955009,3438.03995593657,57288.9289175326,492013.557391003,0.890284454332461,8.33808947100205
87,0.0671521027763506,0.0649706450591226,55569.9089395643,3610.4128296802,53764.7025247242,434724.62847347,0.883562296085258,7.82302214938413
88,0.0751459513621124,0.0724247384265064,51959.4961098841,3763.15291453143,50077.9196526184,380959.925948746,0.876324691532849,7.3318633641691
89,0.0840949610544342,0.0807016595941357,48196.3431953527,3889.52488223349,46251.5807542359,330882.006296128,0.868548064398365,6.86529276619545
90,0.0941119174655418,0.0898824142880037,44306.8183131192,3982.40379940309,42315.6164134176,284630.425541892,0.860217298389921,6.42407729506529
91,0.104034182626761,0.0988902019613395,40324.4145137161,3987.68949523415,38330.569766099,242314.809128474,0.851331366515525,6.00913397133274
92,0.115635413597459,0.109315067099232,36336.7250184819,3972.1515335617,34350.6492517011,203984.239362375,0.841814993049903,5.61372108407191
93,0.128345021244584,0.120605465714889,32364.5734849202,3903.34445781254,30412.901256014,169633.590110674,0.83160145431296,5.24133556679535
94,0.142226895986496,0.132784156760389,28461.2290271077,3779.2002967288,26571.6288787433,139220.68885466,0.820714156694015,4.89159089799181
95,0.157339217509028,0.145864142488171,24682.0287303789,3600.22295562512,22881.9172525663,112649.059975917,0.809140228386007,4.56401137874324
96,0.173732070830194,0.15984681199817,21081.8057747538,3369.859444259,19396.8760526243,89767.1427233505,0.796874316949842,4.25803859889697
97,0.191444834291939,0.174720194910857,17711.9463304948,3094.63471511469,16164.6289729374,70370.2666707263,0.783920090757454,3.97303974152007
98,0.210503415993874,0.190457444644327,14617.3116153801,2783.97581783513,13225.3237064625,54205.6376977888,0.770291776090969,3.70831785789903
99,0.23091744735254,0.207015681038824,11833.335797545,2449.68606908986,10608.492763,40980.3139913263,0.756015715926131,3.46312440485534
100,0.252677574725302,0.224335322160886,9383.6497284551,2105.08408487788,8331.10768601616,30371.8212283263,0.741131979485434,3.23667465295794
101,0.275753018619647,0.24234002228142,7278.56564357721,1763.88776024128,6396.62176345658,22040.7135423101,0.72569614369236,3.02816717216247
102,0.300089590301912,0.260937305718185,5514.67788333594,1438.98518878134,4795.18528894527,15644.0917788536,0.70978154808022,2.83680971215496
103,0.325608362644791,0.280019944780809,4075.6926945546,1141.27524327273,3505.05507291823,10848.9064899083,0.693482667020209,2.66185586180312
104,0.352205181236843,0.299468077059201,2934.41745128187,878.764351424342,2495.0352755697,7343.85141699006,0.676920888185491,2.50266076279705
105,0.379751169931995,0.319151997679528,2055.65309985753,656.065793355645,1727.62020317971,4848.81614142036,0.660255207533554,2.35877159514726
106,0.408094331361887,0.338935502689457,1399.58730650188,474.369827287,1162.40239285838,3121.19593824065,0.6437026785937,2.23008305644165
107,0.437062269907753,0.358679608071153,925.217479214884,331.856642825374,759.289157802197,1958.79354538227,0.627577884932914,2.11711688266466
108,0.46646597821733,0.378246432212679,593.36083638951,224.436619379063,481.142526699978,1199.50438758007,0.612368970894267,2.02154290276189
109,0.496104537705179,0.397503013364398,368.924217010446,146.648487964754,295.599973028069,718.361860880096,0.598882228625563,1.94718001084693
110,0.525770499736941,1,222.275729045693,222.275729045693,422.761887852027,422.761887852027,0.588508258684673,1.90197053752603
