"Edad","Mx","qx","lx","dx","Lx","Tx","P_x1","e_0"
25,0.00141030669230898,0.0014093129105943,1e+05,140.93129105943,99929.5343544703,5063834.72714494,0.999295343544703,50.6383472714494
26,0.00144103194830213,0.00143999440932752,99859.0687089406,143.796500661527,99787.1704586098,4963905.19279047,0.980266035576005,49.7091076150407
27,0.00147355499144599,0.00147247010860685,99715.272208279,146.827757698286,99641.8583294299,4864118.02233186,0.979897446348585,48.7800706412553
28,0.00150842224622071,0.0015072854347801,99568.4444505808,150.078066084072,99493.4054175387,4764476.16400243,0.979514917633174,47.8512664357953
29,0.00154623143642826,0.00154503694408156,99418.3663844967,153.605048984284,99341.5638600045,4664982.75858489,0.979117661209169,46.922746050194
30,0.00158764116623207,0.00158638186365602,99264.7613355124,157.4718170828,99186.025426971,4565641.19472488,0.978704837938106,45.9945818969244
31,0.00163339222452085,0.00163205932801268,99107.2895184296,161.748976332606,99026.4150302633,4466455.16929791,0.978275554035746,45.0668683504592
32,0.00168432256305563,0.0016829052853838,98945.540542097,166.515973143452,98862.2825555253,4367428.75426765,0.977828857275684,44.139723026825
33,0.00174137838571005,0.0017398635053589,98779.0245689536,171.862019942472,98693.0935589823,4268566.47171212,0.977363733189941,43.2132883508321
34,0.00180563757565239,0.00180400888253983,98607.1625490111,177.888197120465,98518.2184504508,4169873.37815314,0.976879101165924,42.2877331662451
35,0.00187833437547814,0.00187657196066725,98429.2743518906,184.709616357582,98336.9195437118,4071355.15970269,0.97637381054144,41.3632548498463
36,0.0019607519807794,0.00195883158932001,98244.564735533,192.444556882957,98148.3424570916,3973018.24015898,0.975846636884685,40.4400818595313
37,0.0020542109081742,0.00205210318180382,98052.1201786501,201.213067801218,97951.5136447495,3874869.89770189,0.975296276904794,39.5184713052804
38,0.00216024575145965,0.00215791493817105,97850.9071108489,211.153934168088,97745.3301437648,3776918.38405714,0.97472134130159,38.5987058840294
39,0.00228065816084275,0.00227806042229625,97639.7531766808,222.429257354571,97528.5385480035,3679173.05391337,0.974120348865265,37.6810974445608
40,0.00241756401144218,0.00241464523173586,97417.3239193262,235.228276690269,97299.7097809811,3581644.51536537,0.973491722971751,36.7659916251797
41,0.00257305330839472,0.00256974726005011,97182.0956426359,249.733424003592,97057.2289306341,3484344.80558439,0.97283378923744,35.8537730900272
42,0.00274891748339717,0.00274514439568529,96932.3622186323,266.093330905015,96799.3155531798,3387287.57665375,0.972144769147106,34.9448574152529
43,0.00294711779097376,0.00294278142922126,96666.2688877273,284.467700914913,96524.0350372699,3290488.26110057,0.971422764272998,34.0396738072336
44,0.00316983685041164,0.00316482086750625,96381.8011868124,305.031135643863,96229.2856189905,3193964.2260633,0.97066574095451,33.1386650460349
45,0.00341948609791355,0.00341364963417993,96076.7700511686,327.972430938361,95912.7838356994,3097734.94044431,0.969871520528081,32.2422885240056
46,0.00369885129707839,0.00369202317472406,95748.7976202302,353.506779765854,95572.0442303473,3001822.15660861,0.969037769312199,31.3510167356334
47,0.0040112985861685,0.00400326943166286,95395.2908404643,381.893051746219,95204.3443145912,2906250.11237827,0.968161989870072,30.4653414940427
48,0.00436062674121505,0.00435113989272955,95013.3977887181,413.416585462273,94806.689495987,2811045.76806368,0.967241517201463,29.5857829894118
49,0.00475108015749769,0.00473982052387715,94599.9812032559,448.386932465584,94375.7877370231,2716239.07856769,0.966273516221939,28.7128923707884
50,0.00518739070954773,0.00517397100498637,94151.5942707903,487.137618830309,93908.0254613751,2621863.29083067,0.96525497756008,27.8472532636027
51,0.00567436759378515,0.00565831391722147,93664.45665196,529.982898622772,93399.4652026486,2527955.26536929,0.964182714716745,26.9894830518551
52,0.00621594159877891,0.00619668249054521,93134.4737533372,577.124762773447,92845.9113719505,2434555.80016664,0.963053355222643,26.1402217895649
53,0.00681572671911316,0.00679257853959118,92557.3489905638,628.703062434754,92242.9974593464,2341709.88879469,0.96186330526267,25.3000967976452
54,0.00747701116270269,0.00744916242739149,91928.645928129,684.791415248795,91586.2502205046,2249466.89133534,0.96060869969387,24.4697054832506
55,0.00820255860066582,0.00816905502439101,91243.8545128802,745.376068153246,90871.1664788036,2157880.64111484,0.959285353088199,23.6495997745276
56,0.00899499915921739,0.00895472528600806,90498.478444727,810.389013274252,90093.2839380898,2067009.47463604,0.957888696553737,22.8402677056995
57,0.00985853463623729,0.00981017764817122,89688.0894314527,879.856090247619,89248.1613863289,1976916.19069795,0.956413705382771,22.0421262536635
58,0.0107977783204203,0.0107397953556916,88808.2333412051,953.782251985049,88331.3422152126,1887668.02931162,0.95485485838688,21.255552084446
59,0.0118173091042474,0.0117478948518532,87854.45108922,1032.10485366343,87338.3986623883,1799336.68709641,0.953206103592577,20.4808824685399
60,0.0129215995714722,0.0128386516138761,86822.3462355566,1114.68185561764,86265.0053077478,1711998.28843402,0.951460780359385,19.7184061783958
61,0.0141161702206508,0.014017235380325,85707.664379939,1201.3845055115,85106.9721271832,1625733.28312627,0.949611511944527,18.9683535876028
62,0.0154129892703466,0.0152951175291638,84506.2798744275,1292.53348263178,83860.0131331116,1540626.31099909,0.947650101643042,18.2309091500465
63,0.0168284493894252,0.0166880325339717,83213.7463917957,1388.67370705996,82519.4095382657,1456766.29786597,0.945567583433825,17.5063178985726
64,0.0183825781579206,0.0182151573808148,81825.0726847357,1490.45657664907,81079.8443964112,1374246.88832771,0.943354394140536,16.794936359208
65,0.0200997981672069,0.0198998071139287,80334.6161080867,1598.64336512243,79535.2944255254,1293167.0439313,0.941000525389528,16.0972580262461
66,0.0220077308957077,0.0217681965893955,78735.9727429642,1713.94013332613,77879.0026763012,1213631.74950577,0.938495730463611,15.41394241064
67,0.0241248251144743,0.0238372898895797,77022.0326096381,1835.99651920061,76104.0343500378,1135752.74682947,0.935829791278931,14.7458163378481
68,0.026464341539962,0.0261187339914909,75186.0360904375,1963.76407652077,74204.1540521771,1059648.71247943,0.93299242765427,14.0936903656529
69,0.0290381180468357,0.0286225456176131,73222.2720139167,2095.80782094361,72174.3681034449,985444.558427256,0.929972873860669,13.4582625111655
70,0.0318558162110169,0.0313563747553912,71126.4641929731,2230.26806626077,70011.3301598427,913270.190323811,0.926759585319916,12.8400898411879
71,0.0349256539846807,0.0343262211238933,68896.1961267123,2364.94606284065,67713.723095292,843258.860163968,0.923339959081529,12.2395561376577
72,0.0382678755819718,0.0375494075537499,66531.2500638717,2498.20902370877,65282.1455520173,775545.137068676,0.919699956568348,11.656855031645
73,0.041912844738215,0.0410525305683049,64033.0410401629,2628.71837468281,62718.6818528215,710262.991516659,0.91582418297565,11.0921327486409
74,0.045895767179885,0.0448661832299979,61404.3226654801,2754.97759182335,60026.8338695684,647544.309663837,0.91169653691389,10.5455818345484
75,0.0502574639548179,0.0490255149300854,58649.3450736568,2875.31434254829,57211.6879023826,587517.475794269,0.907300808649326,10.0174601277545
76,0.0550437607555091,0.0535694293295954,55774.0307311085,2987.7829976768,54280.1392322701,530305.787891886,0.902621300200411,9.50811302214354
77,0.0602860636691637,0.0585220321898409,52786.2477334317,3089.1584890368,51241.6684889133,476025.648659616,0.897643698274445,9.0179861062208
78,0.0659999983496181,0.0638915763817433,49697.0892443949,3175.22537340857,48109.4765576906,424783.980170703,0.892355236249982,8.54746196667066
79,0.0721944798873974,0.0696792512364191,46521.8638709863,3241.60864065294,44901.0595506598,376674.503613012,0.886743665478257,8.09671995639728
80,0.0788700348343301,0.0758777927554431,43280.2552303334,3284.01023676992,41638.2501119484,331773.444062352,0.880796127372639,7.66569980460342
81,0.0860185889530537,0.0824715459474647,39996.2449935635,3298.55215671272,38346.9689152071,290135.193950404,0.874497941721571,7.25406082488732
82,0.0936572158861068,0.0894675739423447,36697.6928368507,3283.25354739439,35056.0660631535,251788.225035197,0.867830688193718,6.86114590785279
83,0.101837165597553,0.0969030020635308,33414.4392894563,3237.95947941791,31795.4595497474,216732.158972043,0.860771622428916,6.48618272760996
84,0.110621643012656,0.104823755009692,30176.4798100384,3163.21192666239,28594.8738467072,184936.699422296,0.853296069671651,6.12850473569073
85,0.120086796314081,0.113284792417801,27013.267883376,3060.19244469471,25483.1716610287,156341.825575589,0.845380208817224,5.7875939427455
86,0.130323366524179,0.122350783521484,23953.0754386813,2930.67754767186,22487.7366648454,130858.65391456,0.837003491757822,5.46312536148236
87,0.141419808051119,0.132080414610364,21022.3978910095,2776.64702954858,19634.0743762352,108370.917249715,0.828152468391368,5.15502169693311
88,0.153453964190227,0.142518917740534,18245.7508614609,2600.36466613882,16945.5685283915,88736.8428734796,0.81882524505174,4.86342510907083
89,0.166510290607603,0.153712900722853,15645.3861953221,2404.89769501223,14442.937347816,71791.2743450881,0.809035706256167,4.58865466462908
90,0.180681765777803,0.165711263893068,13240.4885003098,2194.09808394797,12143.4394583359,57348.3369972721,0.798820434940446,4.33128558632335
91,0.194101008801906,0.176929875172789,11046.3904163619,1954.4364774768,10069.1721776235,45204.8975389363,0.788251236318963,4.0922777337273
92,0.209259353946532,0.189438468211276,9091.95393888506,1722.36582722986,8230.77102527013,35135.7253613128,0.777254839059184,3.86448563174545
93,0.225270589937839,0.202465795356718,7369.5881116552,1492.08951847768,6623.54335241636,26904.9543360427,0.76574352911089,3.65080842082501
94,0.242131776360867,0.215983537554481,5877.49859317752,1269.44293812597,5242.77712411453,20281.4109836263,0.753816963608696,3.45068750967777
95,0.259831732330637,0.229956707495796,4608.05565505155,1059.65330639304,4078.22900185503,15038.6338595118,0.741498403225143,3.26355300049942
96,0.27835034851863,0.244343762757657,3548.40234865851,867.029981649328,3114.88735783385,10960.4048576568,0.72881652416349,3.08882809239498
97,0.297658038690295,0.259096900999215,2681.37236700919,694.73527071701,2334.00473165068,7845.51749982291,0.715805447126541,2.92593359891071
98,0.317715369600582,0.274162542793453,1986.63709629218,544.661477927265,1714.30635732854,5511.51276817223,0.702504680959113,2.77429268710366
99,0.338472905452357,0.289481998840506,1441.97561836491,417.425984283548,1233.26262622314,3797.20641084369,0.688959015530494,2.63333607204082
100,0.359871297774379,0.304992308787159,1024.54963408136,312.479758365514,868.309754898605,2563.94378462055,0.675218438823524,2.50250812584541
101,0.381841643463315,0.32062722936366,712.069875715848,228.308991364098,597.915380033799,1695.63402972195,0.661338224298428,2.38127477028475
102,0.404306123058186,0.336318340814209,483.76088435175,162.697657975995,402.412055363752,1097.71864968815,0.647379464227994,2.26913478372505
103,0.427178918561061,0.351996233400306,321.063226375755,113.013046367616,264.556703191947,695.306594324396,0.633410568839225,2.16563759784388
104,0.450367396047484,0.36759173075347,208.050180008139,76.4775257527629,169.811417131758,430.749891132449,0.619510723252945,2.07041345081075
105,0.473773523916449,0.383037104517455,131.572654255376,50.3972085196556,106.374049995549,260.938474000691,0.605777225653335,1.98322725552242
106,0.497295484047258,0.398267235274308,81.1754457357209,32.3295203453252,65.0106855630583,154.564424005142,0.592340491746468,1.9040785375956
107,0.520829421517179,0.413220678139907,48.8459253903957,20.1841464141906,38.7538521833004,89.5537384420838,0.579394249475575,1.83339219651046
108,0.5442712699357,0.427840597319212,28.6617789762051,12.2626726374108,22.5304426574997,50.7998862587834,0.567255897325121,1.77239124971821
109,0.567518584672587,0.442075541778372,16.3991063387943,7.24964381940362,12.7742844290925,28.2694436012837,0.556486356234624,1.72384049577193
110,0.59047231575465,1,9.14946251939066,9.14946251939066,15.4951591721912,15.4951591721912,0.54812395287071,1.69355950028234
