"Edad","Mx","qx","lx","dx","Lx","Tx","P_x1","e_0"
25,0.000502368307736472,0.000502242152466368,1e+05,50.2242152466368,99974.8878923767,5734359.28039619,0.999748878923767,57.3435928039619
26,0.000486644317075808,0.000486525934535233,99949.7757847534,48.6281580702641,99925.4617057182,5634384.39250382,0.982565639332339,56.3721563982068
27,0.000442102284784608,0.00044200457916744,99901.1476266831,44.1567647150764,99879.0692443256,5534458.9307981,0.982265061319092,55.3993528831082
28,0.00056969585592208,0.000569533625448967,99856.990861968,56.871914032041,99828.554904952,5434579.86155377,0.981953236893941,54.4236293787981
29,0.000557247938182629,0.000557092718798165,99800.118947936,55.5979196010859,99772.3199881354,5334751.30664882,0.981630860628036,53.4543582000325
30,0.000537037700046543,0.000536893534012205,99744.5210283349,53.5521883932574,99717.7449341383,5234978.98666069,0.981297662392662,52.4838751310818
31,0.000593180470044386,0.000593004590673469,99690.9688399416,59.1172021707712,99661.4102388562,5135261.24172655,0.980951643705117,51.5117999301566
32,0.000418362301753318,0.000418274806547902,99631.8516377709,41.6734934697979,99611.014891036,5035599.83148769,0.980592728286332,50.5420681108638
33,0.000501695731572716,0.000501569913830289,99590.1781443011,49.9514370701802,99565.202425766,4935988.81659666,0.980218639640869,49.5630082059364
34,0.000779642663779101,0.000779338860866365,99540.2267072309,77.575566892393,99501.4389237847,4836423.61417089,0.979828722040255,48.5876290838261
35,0.000811121375301354,0.000810792549717349,99462.6511403385,80.6435765197222,99422.3293520786,4736922.17524711,0.97942664934638,47.625134871616
36,0.000835298742138365,0.000834950025785221,99382.0075638188,82.9790097779975,99340.5180589298,4637499.84589503,0.979011196368897,46.6633745843485
37,0.000948329585173544,0.00094788013378651,99299.0285540408,94.1235764706747,99251.9667658054,4538159.3278361,0.978578863318591,45.7019509044475
38,0.00107387102243825,0.00107329473238243,99204.9049775701,106.476101938926,99151.6669266006,4438907.36107029,0.978129466244824,44.7448375871527
39,0.00131503523620056,0.00131417114551918,99098.4288756312,130.232295794639,99033.3127277338,4339755.69414369,0.977663046587507,43.7923763613861
40,0.00115935919055649,0.00115868752304208,98968.1965798365,114.673214555033,98910.859972559,4240722.38141596,0.977179979771356,42.8493448195251
41,0.00152970170816691,0.00152853260869565,98853.5233652815,151.10083394829,98777.9729483073,4141811.5214434,0.976675940776974,41.8984713993316
42,0.00120578778135048,0.00120506125728058,98702.4225313332,118.942465392247,98642.9512986371,4043033.54849509,0.976151021736044,40.9618471847702
43,0.00147498841080534,0.00147390141705093,98583.4800659409,145.302330967003,98510.8289004574,3944390.59719646,0.975601748015335,40.0106650176897
44,0.00154183992898192,0.00154065220943533,98438.1777349739,151.658996020175,98362.3482369638,3845879.768296,0.975025082716079,39.0689858019345
45,0.00171526586620926,0.00171379605826907,98286.5187389537,168.443048395808,98202.2972147558,3747517.42005903,0.974423966904055,38.1284988840874
46,0.00189393939393939,0.00189214758751183,98118.0756905579,185.653880209192,98025.2487504533,3649315.12284428,0.973795372720853,37.1930971654335
47,0.00156462928380356,0.00156340620823562,97932.4218103487,153.108156245849,97855.8677322258,3551289.87409383,0.973138727281504,36.2626575392068
48,0.00202980610010149,0.00202774813233725,97779.3136541029,198.271820643325,97680.1777437812,3453434.0063616,0.972444978810074,35.3186566493831
49,0.00292799521959964,0.00292371490796265,97581.0418334596,285.299146743013,97438.3922600881,3355753.82861782,0.971715058818601,34.3894035723152
50,0.00229421968552403,0.00229159097895649,97295.7426867166,222.962046231751,97184.2616636007,3258315.43635773,0.970963784223641,33.4887770665281
51,0.00284425945195976,0.00284022029025666,97072.7806404848,275.708081206739,96934.9265998814,3161131.17469413,0.970173464306379,32.5645474852686
52,0.00258334358469676,0.00258001105719025,96797.0725592781,249.737517506584,96672.2038005248,3064196.24809425,0.969335367233136,31.6558772603143
53,0.00336568566061365,0.00336003125610471,96547.3350417715,324.402063433966,96385.1340100545,2967524.04429372,0.968451040346829,30.7364676923482
54,0.00320333146472331,0.00319820900295834,96222.9329783375,307.741050542376,96069.0624530663,2871138.91028367,0.9675200158208,29.8384056837058
55,0.00373620644712833,0.00372923984215776,95915.1919277951,357.690755205342,95736.3465501925,2775069.8478306,0.966539737207081,28.9325370888031
56,0.00385187779042283,0.00384447356924421,95557.5011725898,367.368287601044,95373.8170287893,2679333.50128041,0.965501284003704,28.0389657368831
57,0.00488271900430828,0.00487082756315362,95190.1328849888,463.654722996459,94958.3055234905,2583959.68425162,0.964403902320032,27.1452471589007
58,0.00513682637526852,0.00512366668219293,94726.4781619923,485.346900080076,94483.8047119523,2489001.37872813,0.963250856388267,26.2756668148443
59,0.00582621798091411,0.00580929487179487,94241.1312619122,547.474520551974,93967.3940016362,2394517.57401618,0.96203947273013,25.4084128867405
60,0.00449243379571248,0.00448236543073959,93693.6567413602,419.969208057054,93483.6721373317,2300550.18001454,0.960757275276944,24.5539587206546
61,0.00733496332518337,0.00730816077953715,93273.6875333032,681.65910499369,92932.8579808063,2207066.50787721,0.959364645488089,23.6622628122125
62,0.00702271544997399,0.00699814246835716,92592.0284283095,647.972206375487,92268.0423251218,2114133.6498964,0.957893041442512,22.8327825384374
63,0.00762469554167108,0.00759573794704083,91944.056221934,698.382956849799,91594.8647435091,2021865.60757128,0.956356570773261,21.9901719659933
64,0.00815494393476045,0.00812182741116751,91245.6732650842,741.081610274796,90875.1324599468,1930270.74282777,0.954697847176136,21.1546550510949
65,0.00822351080653664,0.00818983620327593,90504.5916548094,741.217781297263,90133.9827641608,1839395.61036783,0.952921043435172,20.3237822163035
66,0.0115036976170912,0.011437908496732,89763.3738735121,1026.70525672318,89250.0212451506,1749261.62760366,0.950998044000911,19.4874763739228
67,0.0123067687227975,0.0122315035799523,88736.668616789,1085.38287985929,88193.9771768593,1660011.60635851,0.948978460490547,18.7071661832078
68,0.0102087460003047,0.0101569013870992,87651.2857369297,890.265465682451,87206.1530040885,1571817.62918165,0.946871469549345,17.9326249006683
69,0.01573958147022,0.0156166814551908,86761.0202712472,1354.91921630342,86083.5606630955,1484611.47617757,0.944518911491347,17.1115032019692
70,0.0124698880544141,0.0123926207576398,85406.1010549438,1058.40542076258,84876.8983445625,1398527.91551447,0.942016101825688,16.3750352520456
71,0.021866774650739,0.0216302823953535,84347.6956341812,1824.46447596467,83435.4633961989,1313651.01716991,0.939309828997343,15.5742371773528
72,0.0172006745362563,0.0170540043470991,82523.2311582166,1407.35154290889,81819.5553867621,1230215.55377371,0.936485822866449,14.9075058805574
73,0.0215964429388101,0.0213657310431504,81115.8796153077,1733.10006718923,80249.3295817131,1148395.99838695,0.933491691650476,14.1574745146477
74,0.0239234449760766,0.0236406619385343,79382.7795481185,1876.66145503826,78444.4488205993,1068146.66880523,0.93012050747788,13.4556471174931
75,0.0257458111973846,0.025418599959653,77506.1180930802,1970.09701023363,76521.0695879634,989702.219984635,0.926560227062878,12.7693431736068
76,0.0301704283740212,0.0297220646625071,75536.0210828466,2245.08650297286,74413.4778313602,913181.150396671,0.92268273421762,12.0893467422001
77,0.0373363053775425,0.0366520787746171,73290.9345798737,2686.26510768684,71947.8020260303,838767.672565311,0.918511811376049,11.4443577145439
78,0.0354879594423321,0.0348692403486924,70604.6694721869,2461.93118956567,69373.703877404,766819.870539281,0.914222013580968,10.8607529257162
79,0.0437596302003082,0.0428226779252111,68142.7382826212,2918.05453441864,66683.7110154119,697446.166661877,0.909530638755337,10.2350769023873
80,0.0338345864661654,0.033271719038817,65224.6837482026,2170.13735206589,64139.6150721696,630762.455646465,0.904388733922542,9.67060964345185
81,0.0548112058465286,0.05334914048607,63054.5463961367,3363.90585397291,61372.5934691502,566622.840574295,0.898314152185178,8.98623291989952
82,0.0517241379310345,0.0504201680672269,59690.6405421638,3009.61212817632,58185.8344780756,505250.247105145,0.891687046348244,8.46448023536036
83,0.070827142149579,0.0684046878737144,56681.0284139874,3877.24805701995,54742.4043854775,447064.412627069,0.884837593229387,7.8873729912202
84,0.0690948044991966,0.0667874708775563,52803.7803569675,3526.63094281585,51040.4648855596,392322.008241592,0.877551415770724,7.42980910816217
85,0.0735379270411118,0.0709299078469701,49277.1494141517,3495.22366690715,47529.5375806981,341281.543356032,0.869901601711498,6.92575661160346
86,0.0833333333333333,0.08,45781.9257472445,3662.55405977956,43950.6487173547,293752.005775334,0.860732176978249,6.4163313574247
87,0.0997464074387151,0.0950080515297907,42119.3716874649,4001.67943568507,40118.5319696224,249801.35705798,0.850381791942661,5.93079495372251
88,0.11144883485309,0.105566218809981,38117.6922517799,4023.9406407829,36105.7219313884,209682.825088357,0.839398262515,5.5009317905012
89,0.131578947368421,0.123456790123457,34093.751610997,4209.10513716012,31989.1990424169,173577.103156969,0.827807919336388,5.09117052113976
90,0.13972602739726,0.130601792573624,29884.6464738368,3902.98839991211,27933.1522738808,141587.904114552,0.815706112957257,4.73781425651155
91,0.160277901293653,0.148386373065866,25981.6580739247,3855.32400782717,24053.9960700112,113654.751840671,0.802715122816696,4.37442258370475
92,0.179440345995904,0.164666444140647,22126.3340660976,3643.46475253235,20304.6016898314,89600.7557706599,0.788359081512653,4.04950750101654
93,0.20034719915092,0.182105077987902,18482.8693135652,3365.82435778699,16799.9571346717,69296.1540808285,0.773388053312825,3.74920976311669
94,0.223027866371326,0.200652335263234,15117.0449557782,3033.2703726562,13600.4097694501,52496.1969461568,0.75756292167274,3.47264939012377
95,0.24748150096851,0.220230067176849,12083.774583122,2661.21048819087,10753.1693390266,38895.7871767067,0.740925808713353,3.21884415412997
96,0.273671933792307,0.240731241587562,9422.56409493116,2268.30555351116,8288.41131817558,28142.6178376801,0.72353897119567,2.98672607096611
97,0.301523471987079,0.262020766381106,7154.25854142,1874.56430591144,6216.97638846428,19854.2065195045,0.705485418379301,2.77515921525025
98,0.330918070587831,0.283937968273915,5279.69423550856,1499.1056543378,4530.14140833966,13637.2301310403,0.68686855441154,2.58295831590457
99,0.361694361093999,0.306300736498734,3780.58858117076,1157.99706681131,3201.59004776511,9107.08872270059,0.667810738338395,2.40890764153986
100,0.393648932206129,0.328911167305824,2622.59151435945,862.599636354317,2191.2916961823,5905.49867493548,0.648450767830478,2.25177983021799
101,0.426540096220412,0.351562372189763,1759.99187800514,618.746919666203,1450.61841817204,3714.20697875319,0.628940447403244,2.11035461309234
102,0.460094150555297,0.374045969298731,1141.24495833893,426.878076649176,927.805920014346,2263.58856058115,0.609440608326306,1.98343794996981
103,0.494013883228766,0.396159689848408,714.366881689758,283.003362288189,572.865200545663,1335.78264056681,0.590117242960381,1.86988321380067
104,0.527988812003274,0.417714516374679,431.363519401569,180.186803888506,341.270117457316,762.917440021144,0.571138909019972,1.76861835947449
105,0.561706432992068,0.438540830251182,251.176715513063,110.151245360864,196.101092832631,421.647322563829,0.55267752504405,1.67868793770376
106,0.594863624965471,0.458493170309393,141.025470152199,64.6592149044545,108.695862699972,225.546229731197,0.53491678391259,1.59932974864598
107,0.62717733530249,0.477453369344234,76.3662552477448,36.4613258722375,58.135592311626,116.850367031225,0.518077234855514,1.53013090208684
108,0.658393766473538,0.495332011966702,39.9049293755073,19.7661889549591,30.0218348980277,58.7147747195994,0.502478308039112,1.47136646119808
109,0.688295470083011,0.512068318191049,20.1387404205481,10.3124109376362,14.98253495173,28.6929398215717,0.4886834695117,1.42476337756931
110,0.716706003666355,1,9.82632948291195,9.82632948291195,13.7104048698417,13.7104048698417,0.477832001708449,1.39527225233839
