"Edad","Mx","qx","lx","dx","Lx","Tx","P_x1","e_0"
25,0.00101609170327482,0.00101557574423094,1e+05,101.557574423094,99949.2212127885,5276434.26921657,0.999492212127885,52.7643426921657
26,0.00105668314489158,0.00105612515006909,99898.4424255769,105.505257498381,99845.6897968277,5176485.04800378,0.981057430811579,51.8174750508267
27,0.00109918906100158,0.00109858528453791,99792.9371680785,109.631052273667,99738.1216419417,5076639.35820695,0.980711681986731,50.8717300269107
28,0.00114385610671945,0.00114320227726642,99683.3061158049,113.958182557033,99626.3270245263,4976901.23656501,0.980353514479869,49.9271285282533
29,0.00119096064149511,0.00119025186992983,99569.3479332478,118.512602565242,99510.0916319652,4877274.90954049,0.979982257575743,48.9836984049575
30,0.00124081490080387,0.00124004556729508,99450.8353306826,123.323567515606,99389.1735469248,4777764.81790852,0.979597194442062,48.0414749863291
31,0.00129381950531216,0.00129298306195936,99327.511763167,128.428790296344,99263.2973680188,4678375.6443616,0.979197558411753,47.1005017775594
32,0.00135047300543846,0.00134956173209428,99199.0829728706,133.875286239031,99132.1453297511,4579112.34699358,0.978782529468823,46.1608334448605
33,0.00141134296288626,0.00141034772072083,99065.2076866316,139.716389863577,98995.3494916998,4479980.20166383,0.978351231020825,45.2225388335644
34,0.00147707511013829,0.00147598503975571,98925.491296768,146.012545204513,98852.4850241658,4380984.85217213,0.977902726120322,44.2857022466489
35,0.00154840475085763,0.00154720689960068,98779.4787515635,152.832291063378,98703.0626060318,4282132.36714796,0.977436013051916,43.3504248176667
36,0.00162613058646823,0.00162480951024733,98626.6464605002,160.249513132822,98546.5217039337,4183429.30454193,0.976950020657168,42.4168260270046
37,0.00171111597494753,0.00170965326743877,98466.3969473673,168.343397273989,98382.2252487303,4084882.78283799,0.976443602955847,41.4850437253377
38,0.00180434659326941,0.00180272022721911,98298.0535500933,177.20388943102,98209.4516053778,3986500.55758926,0.975915532836813,40.555233940189
39,0.00190695462863319,0.00190513812265261,98120.8496606623,186.933771315593,98027.3827750045,3888291.10598389,0.975364495705786,39.6275727272136
40,0.00202024200801863,0.00201820337839575,97933.9158893467,197.650559907405,97835.090609393,3790263.72320888,0.974789083403723,38.7022584442699
41,0.00214554933823732,0.00214325011380564,97736.2653294393,209.473261790259,97631.5286985442,3692428.63259949,0.974187788039571,37.7795142893319
42,0.00228415565025213,0.0022815499426557,97526.7920676491,222.51224684934,97415.5359442244,3594797.10390095,0.973558993710378,36.8595852246163
43,0.00243747951535953,0.00243451247821177,97304.2798207997,236.888483407147,97185.8355790962,3497381.56795672,0.972900964052043,35.9427311357493
44,0.00260711599944456,0.00260372189693676,97067.3913373926,252.736492303698,96941.0230912407,3400195.73237762,0.972211829424184,35.0292274833989
45,0.00279485814000965,0.00279095797420334,96814.6548450889,270.205632959645,96679.5520286091,3303254.70928638,0.971489575682911,34.1193666864986
46,0.0030026580483513,0.00299815682848567,96544.4492121292,289.455399657733,96399.7215123004,3206575.15725777,0.970732032332591,33.2134595352264
47,0.0032325654218783,0.0032273491133043,96254.9938124715,310.648468931791,96099.6695780056,3110175.43574547,0.969936858865101,32.3118345610708
48,0.0034868292993014,0.00348076088977423,95944.3453435397,333.959324866786,95777.3656811063,3014075.76616747,0.969101527690842,31.4148348751062
49,0.00376792755557144,0.00376084226497027,95610.3860186729,359.575580709148,95430.5982283184,2918298.40048636,0.968223305214755,30.5228178862954
50,0.00407858456161364,0.00407028406274379,95250.8104379638,387.697855689074,95056.9615101193,2822867.80225804,0.967299232246979,29.6361552125224
51,0.00442178061084302,0.00441202610509999,94863.1125822747,418.538529124035,94653.8433177127,2727810.84074792,0.966326102329665,28.7552323183798
52,0.00480075164783804,0.00478925563439866,94444.5740531507,452.319208422434,94218.4144489395,2633156.99743021,0.96530043729434,27.8804475940391
53,0.00521901813007775,0.00520543450155847,93992.2548447283,489.270526248024,93747.6195816042,2538938.58298127,0.964218459233198,27.0122106036876
54,0.00568040207272428,0.00566431428143188,93502.9843184802,529.630289431668,93238.1691737644,2445190.96339967,0.963076058550607,26.1509403279698
55,0.0061890393524858,0.00616994633215957,92973.3540290486,573.640604680102,92686.5337267085,2351952.7942259,0.961868757667855,25.2970630003416
56,0.00674950539162115,0.00672680409137958,92399.7134243685,621.554770305342,92088.9360392158,2259266.2604992,0.960591669206008,24.4510093892062
57,0.00736718375840357,0.00734014565746757,91778.1586540631,673.665052694991,91441.3261277156,2167177.32445998,0.959239449705734,23.6132142575301
58,0.00804810696940321,0.00801585075723072,91104.4936013681,730.280024021648,90739.3535893573,2075735.99833226,0.957806255586169,22.7841231126836
59,0.00879894281921167,0.00876040168247297,90374.2135773465,791.714412675157,89978.3563710089,1984996.64474291,0.956285696416952,21.9641927289808
60,0.00962705831913614,0.0095809401841835,89582.4991646713,858.284566046384,89153.3568816481,1895018.2883719,0.954670776593346,21.1538894989797
61,0.0105406535846025,0.0104853921414715,88724.214598625,930.308182510654,88259.0605073696,1805864.93149025,0.952953827713059,20.3536874308746
62,0.0115491249528183,0.0114828167103194,87793.9064161143,1008.12133565917,87289.8457482847,1717605.87098288,0.951126433118929,19.5640670417602
63,0.0126630569839634,0.0125833849237929,86785.7850804551,1092.05893958093,86239.7556106647,1630316.0252346,0.949179350616487,18.7855191230131
64,0.0138942888840939,0.0137984292033449,85693.7261408742,1182.43881332568,85102.5067342114,1544076.26962393,0.947102430279887,18.018545104289
65,0.0152560713005705,0.0151405784285516,84511.2873275485,1279.5497738806,83871.5124406082,1458973.76288972,0.944884518719442,17.2636556491565
66,0.0167633089076512,0.0166239725143857,83231.7375536679,1383.64211741674,82539.9164949596,1375102.25044911,0.942513351114356,16.5213690217922
67,0.0184331745031446,0.0182648350572043,81848.0954362512,1494.94196288944,81100.6244548065,1292562.33395415,0.93997543348649,15.7922102776464
68,0.0202852662592361,0.0200815860987754,80353.1534733617,1613.61876978343,79546.34408847,1211461.70949935,0.937255927761173,15.0767164340471
69,0.0223418090182455,0.0220949880169776,78739.5347035783,1739.74907573796,77869.6601657093,1131915.36541088,0.934338540405587,14.375438839867
70,0.0246280402680627,0.0243284591324755,76999.7856278404,1873.28613785629,76063.1425589122,1054045.70524517,0.931205404091813,13.6889433736821
71,0.0271725629815673,0.0268083373638422,75126.4994899841,2014.01654329201,74119.4912183381,977982.562686253,0.927836959839213,13.0178108833174
72,0.0300070066099692,0.0295634512711162,73112.4829466921,2161.45732690485,72031.7542832396,903863.071467915,0.924211847893533,12.362636789766
73,0.0331666294961877,0.0326255890835729,70951.0256197872,2314.81900692923,69793.6161163226,831831.317184676,0.920306784780734,11.7240210401228
74,0.036691191774464,0.0360301963524445,68636.206612858,2472.97600114822,67399.7186122839,762037.701068353,0.916096431242168,11.1025614420479
75,0.040625557097011,0.039816767907979,66163.2306117098,2634.40599730854,64846.0276130555,694637.982456069,0.91155330173587,10.4988522482022
76,0.0450201595943453,0.0440290618976348,63528.8246144012,2797.11455123146,62130.2673387855,629791.954843014,0.906647737021555,9.9134835039943
77,0.049928970833474,0.0487128788790897,60731.7100631698,2958.41643642718,59252.5018449562,567661.687504228,0.901347950127003,9.34703941176328
78,0.0554098022897884,0.0539160630917106,57773.2936267426,3114.90854419538,56215.8393546449,508409.185659272,0.895620044210726,8.80007272813568
79,0.0615260716082033,0.0596898311940402,54658.3850825472,3262.54977891609,53027.1101930892,452193.346304627,0.889427962868633,8.27308281468081
80,0.0683471751979258,0.0660886876415082,51395.8353036311,3396.68330545608,49697.4936509031,399166.236111538,0.882733546111564,7.76650936312999
81,0.0759489747511543,0.0731703675522741,47999.151998175,3512.11559390394,46243.0942012231,349468.742460635,0.875496750088311,7.2807274277246
82,0.0844174415817684,0.0809985945211703,44487.0364042711,3603.3874231581,42685.3426926921,303225.648259412,0.867676021965163,6.81604513961959
83,0.0938503640044537,0.0896438118194526,40883.648981113,3664.96613575545,39051.1659132353,260540.30556672,0.859229115552341,6.37272631136916
84,0.104356223142406,0.0991811386254483,37218.6828453576,3691.391342742,35372.9871739866,221489.139653485,0.850114684450483,5.95102036721087
85,0.116055164313397,0.109690112309576,33527.2915026156,3677.61237035779,31688.4853174367,186116.152479498,0.840294710479589,5.55118365183118
86,0.12908014851276,0.121254381713086,29849.6791322578,3619.40438751593,28039.9769384998,154427.667162061,0.829738123772318,5.17351179816119
87,0.143578474516493,0.133961481908311,26230.2747447418,3513.84647566775,24473.351506908,126387.690223562,0.818426468172483,4.81838987404802
88,0.159713320406469,0.147902333978669,22716.4282690741,3359.81276065508,21036.5218887465,101914.338716654,0.806362854929795,4.48637160338269
89,0.177665030908329,0.163170210649177,19356.615508419,3158.42302996385,17777.4039934371,80877.8168279071,0.793586239643539,4.17830362920263
90,0.197632731792882,0.179859654376051,16198.1924784552,2913.40130069169,14741.4918281093,63100.41283447,0.78019431420529,3.89552185642925
91,0.214875920964821,0.19402975934762,13284.7911777635,2577.64483520483,11995.9687601611,48358.9210063607,0.766380421840023,3.6401717090823
92,0.235968904229155,0.2110663558718,10707.1463425586,2259.91836030993,9577.18716240368,36362.9522461997,0.751938866489945,3.39613853054988
93,0.258450852197986,0.228874453430284,8447.22798224871,1933.35468743817,7480.55063852963,26785.765083796,0.736622398050626,3.17095325710215
94,0.282283384558434,0.247369267522445,6513.87329481054,1611.3320656713,5708.20726197489,19305.2144452664,0.720726639126131,2.96370739367104
95,0.307402562295714,0.266449008351511,4902.54122913924,1306.27724890655,4249.40260468597,13597.0071832915,0.704317852663142,2.77346105780303
96,0.333717661228453,0.285996602564842,3596.26398023269,1028.51928027286,3082.00434009626,9347.6045786055,0.687475151891675,2.59925429000367
97,0.361110930812342,0.30588222357524,2567.74469995983,785.427458397249,2175.0309707612,6265.60023850924,0.670289397226937,2.44011806882797
98,0.389438497744849,0.325966538257755,1782.31724156258,580.975781309264,1491.82935090795,4090.56926774803,0.652861515582631,2.29508483246326
99,0.418532505181876,0.346104511132384,1201.34146025331,415.789698804037,993.446610851296,2598.73991684009,0.635300308279772,2.16319839347934
100,0.448204488674394,0.366149552251723,785.551761449277,287.629425725205,641.737048586674,1605.29330598879,0.617719878617454,2.0435232721357
101,0.478249887639856,0.385957759970133,497.922335724072,192.176989335159,401.833841056492,963.556257402118,0.600236887431988,1.93515371428544
102,0.508453488166707,0.405391999943605,305.745346388913,123.946717446052,243.771987665887,561.722416345626,0.582967950268008,1.83722311060495
103,0.538595502822357,0.424325578630828,181.798628942861,77.1418084204706,143.227724732626,317.950428679739,0.566027666740124,1.74891543752879
104,0.568457928841262,0.44264531060294,104.65682052239,46.3258508268496,81.4938951089655,174.722703947113,0.549528128245128,1.66948224754958
105,0.59783079733678,0.46025383789403,58.3309696955407,26.847052670453,44.9074433603143,93.2288088381474,0.533581536526398,1.5982729127384
106,0.626517937473322,0.477071127925382,31.4839170250878,15.0200678066677,23.9738831217539,48.3213654778332,0.518309373250954,1.53479522383853
107,0.654341929090852,0.493035145110316,16.46384921842,8.11725628847808,12.405221074181,24.3474823560793,0.503865776873553,1.47884507645022
108,0.681147997484151,0.50810175202809,8.34659292994195,4.24091849116877,6.22613368435756,11.9422612818983,0.490492655759804,1.43079474249397
109,0.706806703077209,0.522243943221865,4.10567443877317,2.14416360849012,3.03359263452811,5.71612759754074,0.478647005170207,1.39225057485288
110,0.731215382960068,1,1.96151083028305,1.96151083028305,2.68253496301263,2.68253496301263,0.469292351725448,1.3675861084211
