"Edad","Mx","qx","lx","dx","Lx","Tx","P_x1","e_0"
25,8.04078550210565e-05,8.04046224394445e-05,1e+05,8.04046224394445,99995.979768878,6849833.87347243,0.99995979768878,68.4983387347243
26,8.84566323670702e-05,8.84527202521916e-05,99991.9595377561,8.8445608244616,99987.5372573438,6749837.89370355,0.985401692710222,67.5038065551148
27,9.73113909668823e-05,9.73066564438379e-05,99983.1149769316,9.72902261924502,99978.250465622,6649850.3564462,0.985186675764374,66.5097337483482
28,0.000107053038787196,0.00010704730891734,99973.3859543124,10.7018819297637,99968.0350133475,6549872.10598058,0.984965338299875,65.5161575599116
29,0.000117770642509398,0.000117763707955623,99962.6840723826,11.7719763335603,99956.7980842158,6449904.07096723,0.984737406563699,64.5231181097227
30,0.000129562260028916,0.000129553867382989,99950.912096049,12.9490272105003,99944.4375824438,6349947.27288302,0.984502591513857,63.5306585975019
31,0.000142535940112167,0.000142525782588962,99937.9630688385,14.243736396733,99930.8412006402,6250002.83530057,0.984260587799012,62.5388255211435
32,0.000156810761932353,0.000156798468088728,99923.7193324418,15.6678861170548,99915.8853893833,6150071.99409993,0.984011072661244,61.5476689137132
33,0.000172517905547325,0.000172503025616985,99908.0514463247,17.2344411579884,99899.4342257457,6050156.10871055,0.983753704755776,60.557242595818
34,0.000189801893476403,0.000189783882806249,99890.8170051668,18.957667107929,99881.3381716128,5950256.67448481,0.983488122879686,59.5676044393253
35,0.000208821960488065,0.000208800159458741,99871.8593380588,20.8532601552276,99861.4327079812,5850375.33631319,0.983213944601766,58.5788166465401
36,0.000229753451736404,0.000229727061443742,99851.0060779036,22.938478208478,99839.5368387994,5750513.90360521,0.982930764785612,57.5909460453375
37,0.000252789418872135,0.000252757471664946,99828.0675996951,25.2322899676962,99815.4514547113,5650674.36676641,0.982638153995905,56.6040643942473
38,0.000278142540696175,0.000278103864438459,99802.8353097274,27.7555541815503,99788.9575326366,5550858.9153117,0.982335656777223,55.6182487009032
39,0.000306047143918633,0.000306000318656851,99775.0797555459,30.5312061992098,99759.8141524463,5451069.95777906,0.982022789796121,54.6335815629962
40,0.00033676142140467,0.000336704726823471,99744.5485493467,33.5844609714382,99727.7563188609,5351310.14362662,0.981699039835275,53.6501515266186
41,0.000370569583223406,0.000370500935034866,99710.9640883752,36.943005427971,99692.4925856612,5251582.38730776,0.981363861625992,52.6680534615351
42,0.00040778424894266,0.000407701121894768,99674.0210829472,40.6372102192803,99653.7024778376,5151889.8947221,0.981016675502111,51.6873889379337
43,0.000448749661751155,0.000448648996208508,99633.383872728,44.7004176633564,99611.0336638963,5052236.19224426,0.980656864856539,50.7082666056791
44,0.000493844929301827,0.000493723017997369,99588.6834550646,49.1692253538191,99564.0988423877,4952625.15858036,0.980283773387948,49.7308026048465
45,0.000543487558723518,0.000543339909483037,99539.5142297108,54.0837906515565,99512.472334385,4853061.05973797,0.979896702121723,48.7551209918344
46,0.000598137167641355,0.000597958337088298,99485.4304390592,59.4881425498534,99455.6863677843,4753548.58740359,0.979494906182005,47.7813541784435
47,0.00065829948970057,0.000658082881887906,99425.9422965094,65.4305106409075,99393.2270411889,4654092.9010358,0.979077591290151,46.8096433741237
48,0.000724531268595562,0.00072426889086641,99360.5117858685,71.9637276670698,99324.5299220349,4554699.67399462,0.978643909961688,45.8401390263612
49,0.000797445431305532,0.000797127598424766,99288.5480582014,79.1456418647161,99248.975237269,4455375.14407258,0.978192957377819,44.8730012796734
50,0.000877716743208658,0.000877331718839171,99209.4024163367,87.0395555469317,99165.8826385632,4356126.16883531,0.977723766904497,43.908400441267
51,0.000966088502381883,0.00096562206419495,99122.3628607898,95.7147406335167,99074.505490473,4256960.28619675,0.977235305224165,42.9465174490982
52,0.00106338044191277,0.00106281535338269,99026.6481201562,105.247042016127,98974.0245991482,4157885.78070628,0.976726467049335,41.9875443593851
53,0.00117049573850814,0.00116981110904914,98921.4010781401,115.719353903914,98863.5414011882,4058911.75610713,0.976196069392186,41.0316848717186
54,0.00128842934745116,0.00128759985672957,98805.6817242362,127.222181632194,98742.0706334201,3960048.21470594,0.975642845338424,40.0791548178203
55,0.00141827736751966,0.00141727232488866,98678.459542604,139.854249772378,98608.5324177178,3861306.14407252,0.975065437267472,39.1301826353037
56,0.00156124805249204,0.00156003025539301,98538.6052928316,153.723205581047,98461.7436900411,3762697.6116548,0.974462389476915,38.1850098291225
57,0.00171867538880224,0.00171719973434171,98384.8820872506,168.946493383467,98300.4088405588,3664235.86796476,0.973832140168516,37.2438914417279
58,0.00189203078073996,0.0018902425821657,98215.9355938671,185.651943706771,98123.1096220137,3565935.4591242,0.973173012769192,36.3070965781939
59,0.00208293687300754,0.00208076981691959,98030.2836501603,203.978455363319,97928.2944224787,3467812.34950219,0.972483206511507,35.3749088585496
60,0.00229318329635035,0.00229055696286706,97826.305194797,224.0767245155,97714.2668325393,3369884.05507971,0.971760786180793,34.4476268256213
61,0.00252474384970718,0.00252156070226982,97602.2284702815,246.109943764622,97479.1734983992,3272169.78824717,0.971003670976381,33.5255643188874
62,0.00277979472272703,0.00277593645597157,97356.1185265169,270.254398629647,97220.9913272021,3174690.61474877,0.970209622419802,32.6090508002749
63,0.00306073609082764,0.00305605919548997,97085.8641278872,296.700147820119,96937.5140539772,3077469.62342157,0.969376231222174,31.6984316003795
64,0.00337021574847031,0.00336454612530134,96789.1639800671,325.651606640291,96626.338176747,2980532.10936759,0.968500903041831,30.7940681250373
65,0.00371115495934089,0.00370428137823707,96463.5123734268,357.327992564227,96284.8483771447,2883905.77119084,0.967580843073941,29.8963380062997
66,0.00408677616780832,0.00407844232735571,96106.1843808626,391.963530299562,95910.2026157128,2787620.9228137,0.966613039392967,29.0056351812547
67,0.00450062905782681,0.00449052396650255,95714.2208505631,429.807002664572,95499.3173492308,2691710.72019799,0.965594244959639,28.1223698660255
68,0.00495662644553563,0.00494437274119284,95284.4138478985,471.121658490086,95048.8530186534,2596211.40284876,0.964520958127994,27.2469682921392
69,0.00545908377434216,0.00544422353815165,94813.2921894084,516.184757067227,94555.1998108748,2501162.5498301,0.963389401604831,26.3798724005231
70,0.00601276077199884,0.00599473830832948,94297.1074323412,565.286482289316,94014.4641911965,2406607.35001923,0.962195499921707,25.5215394782495
71,0.00662290626352333,0.00660104720508315,93731.8209500519,618.728174709694,93422.456862697,2312592.88582803,0.960934855372047,24.6724416786949
72,0.00729529840553905,0.00726878442980855,93113.0927753422,676.818998976726,92774.6832758538,2219170.42896533,0.959602722366221,23.8330653919919
73,0.00803630091627614,0.00800413908116018,92436.2737763654,739.872791450228,92066.3373806403,2126395.74568948,0.958193980027434,23.0039102488483
74,0.00885292737869115,0.00881391291321973,91696.4009849152,808.204092736718,91292.2989385469,2034329.40830884,0.956703103094863,22.1854880503271
75,0.00975290737557246,0.00970557857115704,90888.1968921785,882.12253612783,90447.1356241146,1943037.10937029,0.955124131536574,21.3783216722336
76,0.010744758974334,0.0106873425146361,90006.0743560507,961.925745040917,89525.1114835302,1852589.97374618,0.953450639111351,20.5829438401858
77,0.0118378651535159,0.0117682099124947,89044.1486110097,1047.89023233374,88520.2034948429,1763064.86226265,0.951675701179307,19.7998957793916
78,0.0130425613703554,0.012958058235467,87996.258378676,1140.26064057409,87426.1280583889,1674544.65876781,0.949791862234019,19.029725690855
79,0.0143702338092984,0.0142677185833147,86855.9977381019,1239.23693300025,86236.3792716018,1587118.53070942,0.947791103927488,18.2729871516194
80,0.0158334253983025,0.0157090612734274,85616.7608051017,1344.95894151972,84944.2813343418,1500882.15143782,0.945664814818175,17.5302375063503
81,0.0174459526514911,0.0172950880082435,84271.8018635819,1457.48822984391,83543.05774866,1415937.87010347,0.943403763411427,16.8020362540198
82,0.0192230398511579,0.0190400361641821,82814.313633738,1576.78752649829,82025.9198704889,1332394.81235481,0.940998076601656,16.088943491672
83,0.0211814622654487,0.0209594859847046,81237.5261072398,1702.69678987676,80386.1777123014,1250368.89248432,0.938437226631407,15.3915185801417
84,0.0233396982969906,0.0230704693993156,79534.829317363,1834.90584594601,78617.37639439,1169982.71477202,0.935710030699353,14.7103190490736
85,0.0257181009362023,0.0253915892090972,77699.923471417,1972.92453836451,76713.4612022347,1091365.33837763,0.932804668477766,14.0458997849478
86,0.0283390870366825,0.027943145421592,75726.9989330525,2116.05054352702,74668.973661289,1014651.8771754,0.92970872492957,13.3988127282373
87,0.0312273627741699,0.0307472844709228,73610.9483895254,2263.33677030716,72479.2800043719,939982.903514109,0.926409268695039,12.7696072945565
88,0.0344101639617813,0.0338281479038341,71347.6116192183,2413.55755844023,70140.8328399982,867503.623509738,0.922892980570807,12.1588320032295
89,0.0379174965649986,0.0372120035564837,68934.0540607781,2565.17426487252,67651.4669283418,797362.790669739,0.919146351739462,11.5670375336799
90,0.041782416271699,0.040927393574085,66368.8797959055,2716.30526447816,65010.7271636665,729711.323741398,0.915155977028326,10.9947813792454
91,0.04586506173416,0.0448368395277085,63652.5745314274,2853.98026979112,62225.5843965318,664700.596577731,0.910908978593971,10.4426349047287
92,0.0504299596377797,0.0491896437629974,60798.5942616363,2990.6611930209,59303.2636651258,602475.012181199,0.906385544534027,9.90935760107466
93,0.0554228055017842,0.0539283745937168,57807.9330686154,3117.4878690128,56249.189134109,543171.748516073,0.901567264258107,9.39614547144167
94,0.0608782792945275,0.0590799368465052,54690.4451996026,3231.10804849977,53074.8911753527,486922.559381965,0.896443087683077,8.90324731504477
95,0.0668327605836321,0.0646716675467829,51459.3371511028,3327.96114441393,49795.3565788958,433847.668206612,0.890999317750406,8.43088333867733
96,0.0733241747115693,0.0707310275989714,48131.3760066889,3404.38168470558,46429.1851643361,384052.311627716,0.885223869509927,7.97925061553079
97,0.0803917771512741,0.0772852287095234,44726.9943219833,3456.73598566403,42998.6263291513,337623.12646338,0.879107132651912,7.54853152064901
98,0.0880758667621233,0.0843607918314752,41270.2583363192,3481.59167234143,39529.4625001485,294624.500134229,0.872643124955437,7.13890612782884
99,0.0964174187064522,0.0919830352926035,37788.6666639778,3475.9162594131,36050.7085342713,255095.03763408,0.865831040927896,6.75056995004406
100,0.105457628297591,0.100175493327653,34312.7504045647,3437.29669920589,32594.1020549618,219044.329099809,0.858677342889029,6.38375899679173
101,0.115237358169415,0.10895926901475,30875.4537053588,3364.16686623465,29193.3702722415,186450.227044847,0.851198603547915,6.03878501103569
102,0.125796483028005,0.118352329616069,27511.2868391242,3256.02488814624,25883.274395051,157256.856772606,0.843425397035212,5.71608509962422
103,0.137173129006197,0.128368756975701,24255.2619509779,3113.61782676705,22698.4530375944,131373.582377555,0.835407657724722,5.41629204595162
104,0.149402808407969,0.139017970781037,21141.6441242109,2939.06846512263,19672.1098916496,108675.12933996,0.827222089656037,5.14033481509171
105,0.162517455474831,0.150303947894975,18202.5756590882,2735.91898341794,16834.6161673793,89003.0194483106,0.818982411052755,4.88958382128042
106,0.176544374735043,0.162224466254251,15466.6566756703,2509.07012394837,14212.1216136961,72168.4032809314,0.810853426414863,4.66606357109195
107,0.191505120415048,0.174770406540304,12957.5865517219,2264.60266942562,11825.2852170091,57956.2816672352,0.803070028328432,4.47276824552898
108,0.207414333081918,0.187925148417727,10692.9838822963,2009.4805831089,9688.24359074187,46130.9964502261,0.795961975530007,4.3141369105215
109,0.224278567777143,0.201664100015384,8683.50329918743,1751.15087781125,7807.9278602818,36442.7528594842,0.789984081501574,4.19677998658611
110,0.242095155865952,1,6932.35242137617,6932.35242137617,28634.8249992024,28634.8249992024,0.785748132409548,4.13060722517595
