"Edad","Mx","qx","lx","dx","Lx","Tx","P_x1","e_0"
25,0.000467574710306973,0.00046746542280215,1e+05,46.746542280215,99976.6267288599,6239310.69050393,0.999766267288599,62.3931069050393
26,0.000372943901385781,0.000372874370774499,99953.2534577198,37.2700064899113,99934.6184544748,6139334.06377507,0.983976334616415,61.4220533238771
27,0.000369665268099736,0.000369596954521095,99915.9834512299,36.9286431915547,99897.5191296341,6039399.4453206,0.983722238044654,60.4447780696519
28,0.00056232427366448,0.00056216621381055,99879.0548080383,56.1486300804113,99850.9804929981,5939501.92619096,0.983459030979142,59.4669416686645
29,0.000438128619323377,0.000438032662000667,99822.9061779579,43.7256933217737,99801.043331297,5839650.94569797,0.983188660979687,58.5001095368573
30,0.000423721007350638,0.000423631256619238,99779.1804846361,42.2695796131442,99758.0456948296,5739849.90236667,0.982909758775082,57.5255266127435
31,0.000568377890100075,0.000568216409278162,99736.910905023,56.6721493869482,99708.5748303295,5640091.85667184,0.982620095056197,56.5496946465763
32,0.000553667570353965,0.000553514338884382,99680.238755636,55.1744414546633,99652.6515349087,5540383.28184151,0.982321462599517,55.5815611098569
33,0.000542267841580323,0.000542120854227575,99625.0643141814,54.0088249684811,99598.0599016971,5440730.6303066,0.982013401155563,54.6120664288708
34,0.000782932080642004,0.000782625709254549,99571.0554892129,77.9268679234693,99532.0920552512,5341132.5704049,0.981693991732121,53.6414176204403
35,0.000744280789721091,0.000744003915810083,99493.1286212894,74.0232772904356,99456.1169826442,5241600.47834965,0.981364983785133,52.6830400348679
36,0.000838830213139131,0.000838478542571842,99419.105343999,83.3607865526327,99377.4249507227,5142144.36136701,0.98102562043913,51.7218933279949
37,0.000854895702724268,0.000854530435525679,99335.7445574463,84.8854170599422,99293.3018489164,5042766.93641628,0.980673933291849,50.7648778280413
38,0.000909653944414338,0.000909240397357399,99250.8591403864,90.2428906028682,99205.737695085,4943473.63456737,0.980309757896628,49.8078674319083
39,0.000929612190045066,0.000929180301377611,99160.6162497835,92.1380912917635,99114.5472041377,4844267.89687228,0.979931977991875,48.8527409376891
40,0.00107405205316558,0.00107347556884621,99068.4781584918,106.347590945915,99015.3043630188,4745153.34966815,0.979539829482153,47.8977111375099
41,0.00132993461154827,0.00132905083619448,98962.1305675459,131.525702382385,98896.3677163547,4646138.04530513,0.979133381565014,46.9486460998729
42,0.00115606936416185,0.00115540150202195,98830.6048651635,114.189029306948,98773.51035051,4547241.67758877,0.97871428555243,46.0104608667797
43,0.00144481036863912,0.00144376738359625,98716.4158358565,142.523541409334,98645.1540651519,4448468.16723826,0.978278367996731,45.0631045462092
44,0.00155505392525709,0.00155384576827648,98573.8922944472,153.168625404269,98497.3079817451,4349823.01317311,0.977824916273056,44.1275363275692
45,0.001652238667039,0.00165087484741034,98420.7236690429,162.480297169146,98339.4835204584,4251325.70519137,0.977356019386662,43.1954322901262
46,0.00193185809624166,0.00192999385911045,98258.2433718738,189.637806314696,98163.4244687165,4152986.22167091,0.976868513414445,42.266033659418
47,0.00199776872583867,0.00199577517722224,98068.6055655591,195.722888652542,97970.7441212328,4054822.79720219,0.976363171166693,41.346797722045
48,0.00201566459341166,0.00201363518683658,97872.8826769066,197.080280395347,97774.3425367089,3956852.05308096,0.975838464707056,40.428481770003
49,0.00253345459269845,0.00253024945664515,97675.8023965112,247.144145941151,97552.2303235406,3859077.71054425,0.97528986648349,39.5090453915952
50,0.00226909555768616,0.00226652407782797,97428.6582505701,220.824399795389,97318.2460506724,3761525.48022071,0.97472136151677,38.607998383255
51,0.00256429594992081,0.00256101235311841,97207.8338507747,248.950463311716,97083.3586191188,3664207.23417004,0.974127984361025,37.6945672896592
52,0.00235271675197914,0.00234995236583042,96958.883387463,227.848757404645,96844.9590087606,3567123.87555092,0.973504948706563,36.7900676134659
53,0.00272225246947188,0.00271855217678356,96731.0346300583,262.968364756071,96599.5504476803,3470278.91654216,0.972850688008752,35.8755484195327
54,0.00256739409499358,0.00256410256410256,96468.0662653022,247.354016064878,96344.3892572698,3373679.36609448,0.972163750300528,34.9719808502881
55,0.00288056725016619,0.00287642438322823,96220.7122492374,276.771602885294,96082.3264477947,3277334.97683721,0.971442339712086,34.060597767641
56,0.00326956214377237,0.00326422584913983,95943.9406463521,313.18269112616,95787.349300789,3181252.65038941,0.970682787347994,33.1574107646408
57,0.00351617440225035,0.00351000351000351,95630.7579552259,335.664296087139,95462.9258071823,3085465.30108862,0.969890052810152,32.2643610388744
58,0.00351370344342937,0.00350754121360926,95295.0936591388,334.251468464184,95127.9679249067,2990002.37528144,0.969060444214524,31.3762467769473
59,0.00374167093798052,0.003734683958765,94960.8421906746,354.648734040327,94783.5178236544,2894874.40735653,0.968184651386455,30.484927687813
60,0.00340989817665167,0.00340409436906056,94606.1934566343,322.048410423983,94445.1692514223,2800090.88953288,0.967258158909144,29.597331709751
61,0.00457156977821709,0.00456114398422091,94284.1450462103,430.043560984934,94069.1232657178,2705645.72028146,0.966270677282487,28.6967201002393
62,0.00409356725146199,0.00408520571928801,93854.1014852253,383.41331216608,93662.3948291423,2611576.59701574,0.965232283531958,27.8259186938874
63,0.00504785629998689,0.00503514794834069,93470.6881730593,470.638743784572,93235.368801167,2517914.2021866,0.964135689170989,26.9380086035606
64,0.00555796159953804,0.00554255893467698,93000.0494292747,515.458254889627,92742.3203018299,2424678.83338543,0.962971189121456,26.0718015556472
65,0.00461221021968685,0.00460159844998789,92484.5911743851,425.576951395814,92271.8026986872,2331936.5130836,0.961750678471367,25.2143247158502
66,0.00618076737839139,0.00616172528307926,92059.0142229893,567.242355473146,91775.3930452527,2239664.71038491,0.960431254375501,24.3285758520062
67,0.00693835234069703,0.00691436518974767,91491.7718675161,632.607522549088,91175.4681062415,2147889.31733966,0.95902270879221,23.4763112955107
68,0.00684197510510263,0.00681864859314028,90859.164344967,619.53671313471,90549.3959883997,2056713.84923342,0.957551132933065,22.6362840123055
69,0.00874609549308344,0.00870801492802559,90239.6276318323,785.808024517466,89846.7236195736,1966164.45324502,0.955973751029027,21.7882598237966
70,0.00714812085482682,0.00712266402320373,89453.8196073148,637.149502655178,89135.2448559872,1876317.72962545,0.954303556108296,20.9752667673904
71,0.00951683748169839,0.00947176684881603,88816.6701046597,841.250791519545,88396.0447088999,1787182.48476946,0.952494589030089,20.122151423415
72,0.00955214531788287,0.00950674043481649,87975.4193131401,836.359476054165,87557.239575113,1698786.44006056,0.95053888147281,19.3097850891041
73,0.0116587677725118,0.0115911982283372,87139.059837086,1010.0461160026,86634.0367790847,1611229.20048545,0.948458948393777,18.4903211429843
74,0.0127769191138588,0.0126958124296099,86129.0137210833,1093.47780295017,85582.2748196083,1524595.16370636,0.94623109067724,17.7012959726155
75,0.0129328772979906,0.0128497849519461,85035.5359181332,1092.6883498215,84489.1917432224,1439012.88888675,0.943865573722828,16.9224886201945
76,0.0153290129611166,0.0152124172902109,83942.8475683117,1276.97362573772,83304.3607554428,1354523.69714353,0.941286702575274,16.1362609964028
77,0.0195227765726681,0.0193340494092374,82665.8739425739,1598.26609126351,81866.7408969422,1271219.33638809,0.938499148496908,15.3778007267083
78,0.0179533213644524,0.0177935943060498,81067.6078513104,1442.48412546816,80346.3657885764,1189352.59549114,0.935599830372664,14.6711199086149
79,0.0244596131968146,0.0241640910368081,79625.1237258423,1924.06873852836,78663.0893565781,1109006.22970257,0.932445293268648,13.9278430953651
80,0.0200741198270537,0.0198746369056719,77701.0549873139,1544.28025506051,76928.9148597837,1030343.14034599,0.929068848082418,13.2603494317318
81,0.0301937809824245,0.0297447280799112,76156.7747322534,2265.26255585393,75024.1434543264,953414.225486206,0.925336606954115,12.5190993032222
82,0.026674570243035,0.026323486399532,73891.5121763995,1945.08221581631,72918.9710684913,878390.08203188,0.921310023021665,11.887564026771
83,0.0349559813568099,0.0343555159689528,71946.4299605832,2471.75672341996,70710.5515988732,805471.110963389,0.916985662110601,11.1954284792821
84,0.0357825730674679,0.0351536294109754,69474.6732371632,2442.28691642785,68253.5297789493,734760.559364515,0.912212181620891,10.5759484014598
85,0.0412805391743892,0.0404457284358234,67032.3863207354,2711.17369353366,65676.7994739685,666507.029585566,0.907107793268081,9.94305985761084
86,0.0437657430730479,0.0428285318132799,64321.2126272017,2754.78310127285,62943.8210765653,600830.230111597,0.901461205120663,9.34108990752304
87,0.0502315639472747,0.0490008688097307,61566.4295259288,3016.80853628357,60058.0252577871,537886.409035032,0.895238591665279,8.73668350068116
88,0.0617977528089888,0.0599455040871935,58549.6209896453,3509.78654433841,56794.7277174761,477828.383777245,0.888344408319349,8.16108414880689
89,0.0731707317073171,0.0705882352941176,55039.8344453069,3885.1647843746,53097.2520531196,421033.656059769,0.881139903685687,7.64961705104965
90,0.0717299578059072,0.0692464358452139,51154.6696609323,3542.27855085885,49383.5303855028,367936.404006649,0.873888342917693,7.19262594100278
91,0.0847081580108365,0.0812662028354726,47612.3911100734,3869.27823343308,45677.7519933569,318552.873621147,0.865782429116173,6.69054559525682
92,0.095078597122884,0.0907637520171825,43743.1128766403,3970.289049595,41757.9683518428,272875.12162779,0.856608570269307,6.2381276430263
93,0.106570817534849,0.101179430235875,39772.8238270453,4024.19165369229,37760.7280001992,231117.153275947,0.84697040865161,5.81093146116491
94,0.119269030690126,0.112556762697831,35748.632173353,4023.75030830816,33736.757019199,193356.425275748,0.836616506109722,5.40877828102959
95,0.133254604217674,0.124930801934486,31724.8818650449,3963.41493267689,29743.1743987064,159619.668256549,0.825520372694693,5.03137155673449
96,0.148603430384916,0.138325600977276,27761.466932368,3840.12159743059,25841.4061336527,129876.493857842,0.813662221431874,4.67830083238199
97,0.165382859554128,0.152751610482575,23921.3453349374,3654.02402482152,22094.3333225266,104035.08772419,0.801030922793945,4.34904836109887
98,0.183648246398937,0.168203140502864,20267.3213101159,3409.02709394212,18562.8077631448,81940.754401663,0.787626138393793,4.04299873416249
99,0.203439201921879,0.184656061074375,16858.2942161738,3112.98620639156,15301.801112978,63377.9466385181,0.773460619215777,3.75945192472164
100,0.224775696550734,0.2020659403096,13745.3080097822,2777.45858784171,12356.5787158613,48076.1455255402,0.758562687424173,3.49764046693792
101,0.247654214736516,0.220366827880193,10967.8494219405,2416.95018578064,9759.37432905017,35719.5668096788,0.742979005891872,3.25675211570867
102,0.272044213258652,0.239470879722429,8550.89923615985,2047.69136250105,7527.05355490933,25960.1924806286,0.726777920318851,3.03596051873103
103,0.297885175585965,0.259268982411189,6503.20787365881,1686.08008781195,5660.16782975283,18433.1389257193,0.710054015950537,2.83446866282448
104,0.325084573677746,0.279632472175872,4817.12778584686,1347.02535154344,4143.61511007514,12772.9710959665,0.692935215615647,2.65157406317818
105,0.353517037361107,0.300415957691549,3470.10243430342,1042.47414608903,2948.8653612589,8629.35598589134,0.675595045276221,2.48677269598342
106,0.383024983044606,0.321461156110285,2427.62828821438,780.388196135428,2037.43419014667,5680.49062463244,0.658275152157336,2.33993426926602
107,0.413420865756763,0.342601550871343,1647.24009207895,564.347010203702,1365.0665869771,3643.05643448578,0.641327778746488,2.21161229137395
108,0.44449109551092,0.363667592266699,1082.89308187525,393.813119767837,885.986521991331,2277.98984750867,0.625296337971832,2.1036147387366
109,0.476001512225405,0.384492101378064,689.079962107413,264.945802648196,556.607060783315,1392.00332551734,0.611066518597398,2.02008968779208
110,0.507704160724554,1,424.134159459217,424.134159459217,835.396264734028,835.396264734028,0.60013956103413,1.96965098448845
