"Edad","Mx","qx","lx","dx","Lx","Tx","P_x1","e_0"
25,0.00171330323298261,0.00171183678523337,1e+05,171.183678523337,99914.4081607383,4858557.92819116,0.999144081607383,48.5855792819116
26,0.00174164709213822,0.0017401317444419,99828.8163214767,173.715292291061,99741.9586753311,4758643.52003042,0.979435377814269,47.6680350962618
27,0.00177260911697235,0.00177103943664639,99655.1010291856,176.493113985668,99566.8544721928,4658901.56135509,0.979039833882179,46.7502567679968
28,0.00180719299076179,0.00180556149172567,99478.6079151999,179.614743702162,99388.8005433489,4559334.7068829,0.978628684645736,45.8323131217264
29,0.00184648874022562,0.00184478555235035,99298.9931714978,183.185347965715,99207.4004975149,4459945.90633955,0.978201029989461,44.9143114536604
30,0.00189168257783544,0.00188989503707765,99115.8078235321,187.318473301636,99022.1485868813,4360738.50584203,0.977755918439168,43.9963977653896
31,0.00194385598673862,0.001941968533159,98928.4893502304,192.116013351103,98832.4313435549,4261716.35725515,0.977292344300347,43.0787570420454
32,0.00200401683368487,0.00200201080201065,98736.3733368793,197.671285971788,98637.5376938934,4162883.9259116,0.976809242319634,42.1616045356276
33,0.00207331706175142,0.00207116996573754,98538.7020509075,204.0904001506,98436.6568508322,4064246.3882177,0.976305479698838,41.2451788345864
34,0.0021530929385498,0.00215077752659735,98334.6116507569,211.495872825126,98228.8637143444,3965809.73136687,0.97577985007597,40.3297441744292
35,0.00224489285555478,0.00224237590872629,98123.1157779318,220.028910909595,98013.101322477,3867580.86765253,0.975231069978617,39.4155937363982
36,0.00235013441862599,0.00234737609395006,97903.0868670222,229.815365635564,97788.1791842044,3769567.76633005,0.974657775835475,38.5030532433579
37,0.00247000285096163,0.00246695615659164,97673.2715013867,240.955678464793,97552.7936621543,3671779.58714584,0.974058516719701,37.5924705981996
38,0.00260584553696501,0.00260245473943106,97432.3158229219,253.563192087107,97305.5342268783,3574226.79348369,0.97343174029191,36.6842023952264
39,0.00275921246355877,0.00275541108125995,97178.7526308348,267.767411862022,97044.8689249038,3476921.25925681,0.972775780651558,35.7786158509878
40,0.00293187522585019,0.00292758357097851,96910.9852189728,283.715008174406,96769.1277148855,3379876.39033191,0.972088850540824,34.8760915255891
41,0.00312577840951884,0.00312090078736913,96627.2702107983,301.564123682211,96476.4881489572,3283107.26261702,0.971369033497292,33.9770259001907
42,0.0033430029350148,0.0033374244251904,96325.7060871161,321.479764268853,96164.9662049817,3186630.77446807,0.970614274700226,33.0818314644494
43,0.00358586130527839,0.00357944361110863,96004.2263228473,343.641714550743,95832.4054655719,3090465.80826308,0.969822369451938,32.1909349893652
44,0.0038569203344333,0.00384949673331926,95660.5846082965,368.245107957049,95476.462054318,2994633.40279751,0.96899095106979,31.3047784002126
45,0.00415901697693507,0.00415038621357353,95292.3395003395,395.500012121377,95094.5894942788,2899156.94074319,0.968117479099403,30.4238195425233
46,0.00449539895983632,0.00448531731444138,94896.8394882181,425.64243724227,94684.018269597,2804062.35124892,0.96719922672765,29.5485325577893
47,0.00486992027377493,0.00485809101581007,94471.1970509759,458.949673646168,94241.7222141528,2709378.33297932,0.966233269303935,28.6794114773137
48,0.00528692082324416,0.00527298190432886,94012.2473773297,495.724879205948,93764.3849377267,2615136.61076517,0.965216477497064,27.8169779334069
49,0.005751251870997,0.00573476084398017,93516.5224981237,536.29489148743,93248.37505238,2521372.22582744,0.964145511729006,26.9617834204434
50,0.00626832942771638,0.00624874483215753,92980.2276066363,581.009716749799,92689.7227482614,2428123.85077506,0.963016815170248,26.1144107008161
51,0.00684374567829991,0.00682040711244988,92399.2178898865,630.200282880988,92084.117748446,2335434.1280268,0.96182660834262,25.2754750674402
52,0.00748235335283968,0.00745446488268539,91769.0176070055,684.08891906996,91426.9731474705,2243350.01027835,0.960570877746722,24.4456143127231
53,0.00818885080043514,0.00815545888243646,91084.9286879355,742.839390724116,90713.5089925735,2151923.03713088,0.95924533722844,23.6254566823403
54,0.0089678056425163,0.00892777436983186,90342.0892972114,806.553789344705,89938.8124025391,2061209.52813831,0.957845374845041,22.8156061496126
55,0.00982349424390985,0.00977547956031376,89535.5355078667,875.252797278898,89097.9091092273,1971270.71573577,0.956366002012531,22.0166295376942
56,0.0107604374089183,0.0107028537151688,88660.2827105878,948.918036196935,88185.8236924894,1882172.80662654,0.954801789324014,21.2290413371507
57,0.0117854712837816,0.0117164294622935,87711.3646743909,1027.664017249,87197.5326657664,1793986.98293405,0.953146797476823,20.4533014575002
58,0.0129064818708621,0.0128237272691043,86683.7006571419,1111.60813590387,86127.89658919,1706789.45026829,0.951394556652158,19.6898544631719
59,0.0141319953654222,0.0140328393550575,85572.092521238,1200.81942762665,84971.6828074247,1620661.5536791,0.949538066001256,18.9391366499173
60,0.015471220701281,0.0153524600523919,84371.2730936114,1295.30659973912,83723.6197937418,1535689.87087167,0.947569754700154,18.2015728169444
61,0.0169347848028809,0.0167925953089614,83075.9664938723,1395.06108523243,82378.435951256,1451966.25107793,0.945481427349508,17.4775727849646
62,0.0185378645121014,0.0183676163207195,81680.9054086398,1500.28353127488,80930.7636430024,1369587.81512667,0.943264221265406,16.7675395892686
63,0.0202992262170484,0.0200952670313676,80180.6218773649,1611.25100736676,79374.9963736816,1288657.05148367,0.940908671390657,16.0719263746127
64,0.0222409770328672,0.0219963666896912,78569.3708699982,1728.24069223482,77705.2505238808,1209282.05510999,0.938404871736592,15.3912656003175
65,0.0243892069305777,0.0240953734065369,76841.1301777633,1851.51572461352,75915.3723154566,1131576.80458611,0.9357426580544,14.7261863791999
66,0.0267728414602216,0.026419183159108,74989.6144531498,1981.16435926865,73999.0322735155,1055661.43227065,0.932911869518902,14.0774351217685
67,0.0294123824311629,0.0289861071961411,73008.4500938812,2116.23076064536,71950.3347135585,981662.399997136,0.929902684694705,13.4458737137252
68,0.0323231759264451,0.0318090905121036,70892.2193332358,2255.0170213748,69764.7108225484,909712.065283577,0.926705622305827,12.8323259426734
69,0.0355185226209191,0.034898746659584,68637.202311861,2395.35233490425,67439.5261444089,839947.354461029,0.923311217378654,12.2374940436038
70,0.0390087260562106,0.0382624415067219,66241.8499769568,2534.57491004035,64974.5625219366,772507.82831662,0.919709817780564,11.6619301632631
71,0.0428014379248806,0.0419046483229023,63707.2750669164,2669.63095728953,62372.4595882716,707533.265794683,0.915891386287278,11.1060042208917
72,0.0469133832001715,0.0458381713512728,61037.6441096269,2797.85398957509,59638.7171148393,645160.806206412,0.911845191450869,10.5698838088781
73,0.0513682928075905,0.0500819799035557,58239.7901200518,2916.76399837973,56781.4081208619,585522.089091572,0.907559919106805,10.0536435293571
74,0.0561917069595247,0.0546560972591558,55323.026121672,3023.74069637692,53811.1557734836,528740.68097071,0.903024310818133,9.55733476704347
75,0.0614110835646428,0.0595815983083289,52299.2854252951,3116.07501602257,50741.2479172838,474929.525197227,0.898227698926642,9.08099453625655
76,0.0670552431809974,0.0648799720299743,49183.2104092725,3191.00531569794,47587.7077514236,424188.277279943,0.893160468605922,8.62465613265396
77,0.0731451911224887,0.0705644654660051,45992.2050935746,3245.41536803097,44369.4974095591,376600.569528519,0.887814656132003,8.18835645654078
78,0.079693352449221,0.0766395222212616,42746.7897255436,3276.0935410584,41108.7429550144,332231.07211896,0.882184199920072,7.77207070407051
79,0.0867076032333075,0.0831046986160936,39470.6961844852,3280.20031057904,37830.5960291957,291122.329163946,0.876264604954545,7.37565731810875
80,0.0941903739529141,0.0899539746953606,36190.4958739062,3255.47895005391,34562.7563988792,253291.73313475,0.870052578454429,6.99884671426612
81,0.102137935250304,0.0971752933407222,32935.0169238523,3200.469930757,31334.7819584738,218728.976735871,0.863545659500494,6.64122861213598
82,0.110545956366248,0.104755791773022,29734.5469930953,3114.86601327382,28177.1139864584,187394.194777397,0.85674151442535,6.3022380943255
83,0.119410262313519,0.112682536681852,26619.6809798215,2999.57317846794,25119.8943905875,159217.080790938,0.849637209840307,5.98117914754989
84,0.128721776244844,0.12093809316116,23620.1078013535,2856.57079775673,22191.8224024752,134097.186400351,0.84222864616158,5.67724701039115
85,0.138465810634,0.129500139722083,20763.5370035968,2688.88094309042,19419.0965320516,111905.363997876,0.834509410688,5.38951354860643
86,0.148622654041509,0.13834225731722,18074.6560605064,2500.48871964282,16824.411700685,92486.2674658243,0.826468581681034,5.11690331236285
87,0.159200848217078,0.147462750719587,15574.1673408636,2296.60955625089,14425.8625627381,75661.8557651393,0.818087461396342,4.8581637855282
88,0.170253854856723,0.156897640776648,13277.5577846127,2083.21749168135,12235.949038772,61235.9932024012,0.809337711626884,4.61199221993728
89,0.181852337623863,0.166695366581873,11194.3402929313,1866.04465877242,10261.3179635451,49000.0441636292,0.800183708977677,4.37721588601075
90,0.194084264255934,0.176915962087493,9328.2956341589,1650.32439675378,8503.13343578201,38738.7262000841,0.790585536427706,4.15281930583636
91,0.208835502078037,0.189091040850772,7677.97123740511,1451.83557290322,6952.0534509535,30235.5927643021,0.780500437937385,3.93796640146319
92,0.223017540731201,0.200643977517016,6226.13566450189,1249.23662428621,5601.51735235879,23283.5393133486,0.770070542186906,3.73964535435662
93,0.237873114300989,0.212588562578348,4976.89904021569,1058.03181305701,4447.88313368718,17682.0219609898,0.759421569162064,3.55281909842067
94,0.253395521379895,0.22490106062226,3918.86722715867,881.357395825803,3478.18852924577,13234.1388273026,0.748451667829611,3.37703169313493
95,0.269572564075503,0.2375535978382,3037.50983133287,721.571388902029,2676.72413688186,9755.95029805685,0.737180592206717,3.21182509350954
96,0.286386215496799,0.250514295052791,2315.93844243084,580.17568629122,2025.85059928523,7079.226161175,0.725631634530263,3.05674193729629
97,0.303812368904372,0.26374749350691,1735.76275613962,457.803076254471,1506.86121801239,5053.37556188976,0.713831631711991,2.91132848888208
98,0.321820685187942,0.277214073628508,1277.95967988515,354.268408793947,1100.82547548818,3546.51434387738,0.701810957931478,2.77513790121774
99,0.340374553746408,0.290871863396007,923.691271091204,268.675801224925,789.353370478742,2445.6888683892,0.689603546257012,2.64773409139179
100,0.359431179286159,0.304676129095577,655.015469866279,199.567577856578,555.23168093799,1656.33549791046,0.677247019978207,2.52869676230486
101,0.378941803535728,0.318580137582619,455.447892009701,145.096652098164,382.899565960619,1101.10381697247,0.664783081906752,2.41762852851016
102,0.398852066487839,0.332535775806967,310.351239911537,103.202890336637,258.749794743218,718.20425101185,0.652258433711167,2.31416588255478
103,0.419102506692413,0.346494210586755,207.1483495749,71.775703860304,171.260497644748,459.454456268632,0.639726729020782,2.21799718516465
104,0.439629194581725,0.360406569619773,135.372645714596,48.7891908623503,110.978050283421,288.193958623884,0.627252504991232,2.12889359665378
105,0.46036448712114,0.374224623653067,86.5834548522455,32.4016608066639,70.3826244489135,177.215908340463,0.614918887219784,2.0467641149557
106,0.481237886597344,0.387901449673003,54.1817940455816,21.0171964561652,43.673195817499,106.83328389155,0.602842515054032,1.97175611796232
107,0.502176981446038,0.401392055933489,33.1645975894164,13.3120060106227,26.5085945841051,63.1600880740508,0.591202346060679,1.90444307077034
108,0.523108443028557,0.414653951536586,19.8525915787937,8.23195554638876,15.7366138055993,36.6514934899457,0.580295161193797,1.84618181180417
109,0.543959049484058,0.427647645974788,11.620636032405,4.96953764398778,9.13586721041107,20.9148796843464,0.570641949149596,1.7998050731495
110,0.564656706420407,1,6.65109838841718,6.65109838841718,11.7790124739353,11.7790124739353,0.563188153683295,1.77098755514552
