"Edad","Mx","qx","lx","dx","Lx","Tx","P_x1","e_0"
25,0.000313859970846632,0.000313810724534205,1e+05,31.3810724534205,99984.3094637733,5453166.49453695,0.999843094637733,54.5316649453695
26,0.000344529917451295,0.000344470577241524,99968.6189275466,34.4362478680099,99951.4008036126,5353182.18507317,0.981664907982557,53.5486259838496
27,0.000378200899132865,0.000378129394694334,99934.1826796786,37.7880520059398,99915.2886536756,5253230.78426956,0.981328600942759,52.566905971582
28,0.000415169136145412,0.000415082971326095,99896.3946276726,41.4652923068185,99875.6619815192,5153315.49561589,0.980980220980798,51.5866014466587
29,0.000455760549308731,0.000455656714131566,99854.9293353658,45.4995689907925,99832.1795508704,5053439.83363437,0.980619144691124,50.6078154305456
30,0.000500333884518921,0.000500208748825736,99809.429766375,49.9255499844486,99784.4669913828,4953607.6540835,0.980244707993471,49.6306578013566
31,0.000549285674252778,0.00054913485829733,99759.5042163906,54.7814212116795,99732.1135057847,4853823.18709211,0.979856203002043,48.6552456852991
32,0.000603054548074925,0.000602872765493355,99704.7227951789,60.1092619642778,99674.6681641967,4754091.07358633,0.979452874638902,47.6817039384639
33,0.000662124604490692,0.000661905472541084,99644.6135332146,65.9553150068761,99611.6358757112,4654416.40542213,0.979033916973533,46.7101656615957
34,0.000727030276742219,0.000726766086267806,99578.6582182077,72.3703917090463,99542.4730223532,4554804.76954642,0.978598469238878,45.7407726820885
35,0.000798361781435229,0.000798043217832704,99506.2878264987,79.4103181316462,99466.5826674329,4455262.29652407,0.978145611489674,44.7736760544455
36,0.000876770788703118,0.000876386593620669,99426.877508367,87.1363824938973,99383.3093171201,4355795.71385664,0.977674359881115,43.8090365805774
37,0.000962976927415691,0.000962513488274924,99339.7411258731,95.6158407553921,99291.9332054954,4256412.40453952,0.977183661529175,42.8470253324521
38,0.00105777558545474,0.00105721643658716,99244.1252851177,104.922520486141,99191.6640248747,4157120.47133402,0.976672388911469,41.8878241849687
39,0.00116204625300974,0.0011613714693276,99139.2027646316,115.137441582727,99081.6340438402,4057928.80730915,0.976139333774697,40.9316263813736
40,0.00127676178179883,0.00127594724146208,99024.0653230489,126.349482987305,98960.8905815552,3958847.17326531,0.97558320050727,39.978637115637
41,0.00140299766972604,0.00140201415842744,98897.7158400616,138.6559978439,98828.3878411396,3859886.28268375,0.975002598925805,39.0290741287291
42,0.00154194250516947,0.00154075462764426,98759.0598422177,152.163478473694,98682.9781029808,3761057.89484261,0.974396036410579,38.0831682769304
43,0.00169491165194906,0.00169347650541839,98606.896363744,166.988462264227,98523.4021326118,3662374.91673963,0.973761909318572,37.1411640746683
44,0.00186336143887577,0.00186162699689598,98439.9079014797,183.258390121348,98348.278706419,3563851.51460702,0.973098493635294,36.2033202852422
45,0.00204890483327238,0.00204680797589508,98256.6495113584,201.112493904576,98156.0932644061,3465503.2359006,0.972403934815095,35.269910516336
46,0.00225332398469444,0.00225078810728114,98055.5370174538,220.70223657195,97945.1858991678,3367347.14263619,0.971676236730191,34.3412238111225
47,0.00247858209883054,0.00247551421621967,97834.8347808819,242.191524341576,97713.7390187111,3269401.95673703,0.970913249584808,33.4175650631947
48,0.00272684986223841,0.00272313706926732,97592.6432565403,265.758144539666,97459.7641842705,3171688.21771831,0.970112656592329,32.4992551885386
49,0.00300052897731235,0.00299603413369477,97326.8851120006,291.594669921743,97181.0877770398,3074228.45353404,0.969271959444241,31.586631484161
50,0.00330227725998664,0.00329683373045762,97035.2904420789,319.909218574198,96875.3358327918,2977047.365757,0.968388462586337,30.6800479721759
51,0.00363502828260233,0.00362843355330842,96715.3812235047,350.92533435238,96539.9185563285,2880172.02992421,0.967459256125017,29.7798756876972
52,0.00400200390261843,0.00399401187705888,96364.4558891523,384.880781347591,96172.0154984785,2783632.11136788,0.966481197111386,28.886502659963
53,0.00440675771498637,0.00439706930544382,95979.5751078047,422.028843656068,95768.5606859767,2687460.09586941,0.96545088874865,28.0003333297823
54,0.00485321230809803,0.00484146398180518,95557.5462641487,462.638418427557,95326.2270549349,2591691.53518343,0.964364657606201,27.1217882470448
55,0.00534569722609192,0.00533144707517152,95094.9078457211,506.993468297775,94841.4111115722,2496365.30812849,0.963218528995123,26.2513037204738
56,0.00588898678160253,0.00587169760680651,94587.9143774233,555.391630482736,94310.218562182,2401523.89701692,0.962008200160948,25.3893313202191
57,0.00648833330850654,0.0064673521403515,94032.5227469406,608.141437250077,93728.4520283156,2307213.67845474,0.960729010992008,24.5363371209756
58,0.00714952272012135,0.00712405592029058,93424.3813096905,665.560516768785,93091.6010513061,2213485.22642642,0.959375911774634,23.6928004809471
59,0.00787893020404655,0.0078480132298075,92758.8207929217,727.972452764193,92394.8345665396,2120393.62537512,0.957943427884722,22.859212819326
60,0.00868357853736447,0.00864603925690224,92030.8483401575,795.702327595019,91632.99717636,2027998.79080858,0.956425621421969,22.0360762438355
61,0.00957120424585827,0.00952561842609614,91235.1460125625,869.071187964837,90800.6104185801,1936365.79363222,0.954816049402167,21.2239019529337
62,0.0105503380367328,0.0104949752683487,90366.0748245977,948.389720381902,89891.8799644067,1845565.18321364,0.953107718222879,20.4232084529058
63,0.0116303780547074,0.0115631362317706,89417.6851042158,1033.94887438962,88900.710667021,1755673.30324923,0.951293034360412,19.6345197396131
64,0.0128216724752803,0.0127399984316671,88383.7362298262,1126.00866095287,87820.7318993497,1666772.59258221,0.949363750931058,18.858363129706
65,0.0141356127227782,0.014036406122296,87257.7275688733,1224.78490146537,86645.3351181406,1578951.86068286,0.947310909544477,18.0952667995689
66,0.0155847446151799,0.0154642414880505,86032.9426674079,1330.4342013364,85367.7255667397,1492306.52556472,0.945124777217294,17.3457570936958
67,0.0171829384182248,0.0170365692580156,84702.5084660715,1443.04015180988,83980.9883901666,1406938.79999798,0.942794778348614,16.6103557672267
68,0.0189455011920113,0.0187677192681285,83259.4683142616,1562.5903277357,82478.1731503938,1322957.81160781,0.940309423273928,15.8895779470309
69,0.0208893014086732,0.0206733752255625,81696.8779865259,1688.95021337245,80852.4028798397,1240479.63845742,0.937656233307881,15.1839295335375
70,0.0230329262617001,0.0227706884675001,80007.9277731535,1821.83559825273,79097.0099740271,1159627.23557758,0.93482166061155,14.4939041399181
71,0.0253968664203555,0.0250784099071323,78186.0921749008,1960.78286859899,77205.7007406013,1080530.22560355,0.931791003567943,13.8199799420391
72,0.0280038125593177,0.0276171202301412,76225.3093063018,2105.12353169184,75172.7475404559,1003324.52486295,0.928548319231444,13.1626166426064
73,0.0308788628761765,0.0304093596527419,74120.1857746099,2253.94738674816,72993.2120812359,928151.777322495,0.925076338036565,12.5222537912261
74,0.0340497284198753,0.0334797403860194,71866.2383878618,2406.06300374539,70663.2068859891,855158.56524126,0.92135638387527,11.8993088329735
75,0.0375470074991594,0.0368551079910974,69460.1753841164,2559.96226486217,68180.1942516853,784495.35835527,0.91736829898201,11.2941747413823
76,0.0414044861060757,0.0405647057091107,66900.2131192542,2713.78745705933,65543.3193907245,716315.164103585,0.913090379024513,10.7072179699443
77,0.0456594266556398,0.0446403013724395,64186.4256621949,2865.30138558006,62753.7749694049,650771.844712861,0.90849932728599,10.1387768207844
78,0.0503529323668651,0.0491163560887434,61321.1242766148,3011.8701757323,59815.1891887487,588018.069743456,0.903570236667055,9.58915996208667
79,0.0555303749953515,0.0540302159197984,58309.2541008825,3150.46158919307,56734.023306286,528202.880554707,0.898276613820991,9.05864581359329
80,0.0612418409780511,0.0594222761837515,55158.7925116894,3277.66100259186,53519.9620103935,471468.857248421,0.892590469694703,8.54748328924179
81,0.0675426144627098,0.0653361280103647,51881.1315090976,3389.71224960096,50186.2753842971,417948.895238028,0.8864825084678,8.05589398459319
82,0.0744935367698423,0.0718185286668426,48491.4192594966,3482.58238418404,46750.1280674046,367762.61985373,0.879922459525308,7.58407622358274
83,0.0821615344967929,0.0789194624293637,45008.8368753126,3552.07321077059,43232.8002699273,321012.491786326,0.872879608900985,7.13221034072981
84,0.0906203640440768,0.0866923192776919,41456.763664542,3593.98299182629,39659.7721686289,277779.691516398,0.865323620182656,6.70046735350892
85,0.0999513047669395,0.0951939262020483,37862.7806727157,3604.30674916284,36060.6272981343,238119.91934777,0.857225803829912,6.28902355075472
86,0.110243920646158,0.104484528605964,34258.4739235529,3579.48049866213,32468.7336742218,202059.292049635,0.848561063698882,5.89808210664978
87,0.121597057702543,0.114627852881941,30678.9934248907,3516.66714487442,28920.6598524535,169590.558375414,0.839310860961317,5.52790490961219
88,0.134119870452165,0.125691037611442,27162.3262800163,3414.0609740758,25455.2957929784,140669.89852296,0.829467747912986,5.17886049496625
89,0.147932729933484,0.137744285816684,23748.2653059405,3271.18784395192,22112.6713839646,115214.602729982,0.81904233911974,4.85149551959743
90,0.163168360993785,0.150860528413815,20477.0774619886,3089.18272628623,18932.4860988455,93101.931346017,0.808074056065722,4.54664155658156
91,0.177154156708639,0.162739194340245,17387.8947357024,2829.69198056118,15973.0487454218,74169.4452471715,0.796647762026739,4.26557938005458
92,0.193654947861607,0.176559169481402,14558.2027551412,2570.38418758959,13273.0106613464,58196.3965017498,0.784641118830117,3.99749869407457
93,0.211298012611705,0.191107676492818,11987.8185675516,2290.96415266225,10842.3364912205,44923.3858404034,0.771927276271353,3.74741956489074
94,0.230089795379661,0.206350251775839,9696.85441488934,2000.94834994607,8696.38023991631,34081.0493491829,0.758648278877745,3.51464999792635
95,0.250023030086467,0.222240418647501,7695.90606494327,1710.34138574483,6840.73537207086,25384.6691092666,0.744832380282187,3.29846400086664
96,0.271075123164285,0.238719644629454,5985.56467919844,1428.87187312486,5271.12874263601,18543.9337371957,0.73051705568328,3.09810932319239
97,0.293206809952746,0.255717721297704,4556.69280607358,1165.22710102278,3974.07925556219,13272.8049945597,0.715749159949645,2.91281540350241
98,0.31636119517028,0.273153596105743,3391.4657050508,926.391053403927,2928.27017834884,9298.72573899753,0.70058482308818,2.74180149460136
99,0.340463283864979,0.290936658747961,2465.07465164688,717.180582714437,2106.48436028966,6370.4555606487,0.685089090640872,2.58428504645598
100,0.365420095100309,0.3089684541509,1747.89406893244,540.044128497583,1477.87200468365,4263.97120035904,0.669335365385524,2.43949062826407
101,0.391121426009828,0.327144762917799,1207.84994043486,395.141782403839,1010.27904923294,2786.09919567539,0.65340478740588,2.30666004311125
102,0.417441299396641,0.345357961329467,812.708158031017,280.675232613418,672.370541724308,1775.82014644245,0.637385829334038,2.18506499398851
103,0.444240085822491,0.363499550145872,532.032925417599,193.393729052089,435.336060891554,1103.44960471815,0.621374640291538,2.07402503116144
104,0.471367244586912,0.381462727257033,338.639196365509,129.178231401717,274.050080664651,668.113543826593,0.605477169931334,1.97293624304927
105,0.498664581682913,0.399144875497494,209.460964963792,83.6052707820578,167.658329572763,394.063463161942,0.589815109726649,1.881321721353
106,0.525969881796062,0.416449844146263,125.855694181734,52.412584226903,99.6494020682828,226.405133589179,0.574539775325825,1.79892642173386
107,0.553120740526722,0.433289919859106,73.4431099548313,31.8221592265323,57.5320303415651,126.755731520896,0.559862444421863,1.72590364976174
108,0.579958406088733,0.449587407858998,41.620950728299,18.712255350563,32.2648230530175,69.2237011793309,0.546118904042767,1.6631936553113
109,0.606331438930136,0.465275774119524,22.908695377736,10.6588609759445,17.5792648897637,36.9588781263134,0.533904970359325,1.61331221690748
110,0.632099013136571,1,12.2498344017915,12.2498344017915,19.3796132365497,19.3796132365497,0.524356101132628,1.58203063003982
