"Edad","Mx","qx","lx","dx","Lx","Tx","P_x1","e_0"
25,0.00335193503966169,0.00334632670479371,1e+05,334.632670479371,99832.6836647603,4753260.22279118,0.998326836647603,47.5326022279118
26,0.00340526238584661,0.00339947433480463,99665.3673295206,338.809858305581,99495.9624003678,4653427.53912642,0.97899700858243,46.6905171155486
27,0.00345979547575904,0.00345382071911001,99326.557471215,343.056122151954,99155.0294101391,4553931.57672605,0.978618779047531,45.8480762110958
28,0.00351574962278801,0.0035095802201205,98983.5013490631,347.390538452942,98809.8060798366,4454776.54731591,0.978226499950747,45.0052431627594
29,0.00357335306149752,0.00356698002200655,98636.1108106101,351.833036709871,98460.1942922552,4355966.74123607,0.977819357485086,44.1619879924088
30,0.00363285895973343,0.00362627209220313,98284.2777739003,356.405533593835,98106.0750071034,4257506.54694382,0.977396477029961,43.3182869465457
31,0.00369474443489616,0.00368793145279042,97927.8722403064,361.151280139868,97747.2966002365,4159400.47193672,0.976956917405676,42.4741228087741
32,0.00375970407334925,0.00375264964726691,97566.7209601666,366.133720996158,97383.6540996685,4061653.17533648,0.976499666896772,41.6294934929168
33,0.00382848703421471,0.003821172379759,97200.5872391704,371.420199254674,97014.8771395431,3964269.52123681,0.976023641139276,40.7844194550223
34,0.00390189719178279,0.00389429961342001,96829.1670399157,377.081787771325,96640.6261460301,3867254.64409727,0.975527678776675,39.9389436294859
35,0.00398080525656387,0.00397289759075733,96452.0852521444,383.194257121765,96260.4881235835,3770614.01795124,0.975010534593698,39.0931311447972
36,0.00406628631015546,0.00405803574256241,96068.8909950227,389.850993406134,95873.9654983196,3674353.52982765,0.974470871941465,38.2470692830005
37,0.00415966541319633,0.00415103196115738,95679.0400016165,397.166753059566,95480.4566250868,3578479.56432933,0.973907256141785,37.4008723777838
38,0.00426240439135642,0.00425333966452442,95281.873248557,405.266170798275,95079.2401631578,3482999.10770425,0.973318149535673,36.5546875701984
39,0.0043761186940828,0.00436656439205032,94876.6070777587,414.28481410429,94669.4646707065,3387919.86754109,0.97270190510447,35.7086954507598
40,0.00450260493285377,0.00449249097683721,94462.3222636544,424.371130420556,94250.1366984441,3293250.40287038,0.972056758019068,34.8631107509571
41,0.00464372762569273,0.00463297049914478,94037.9511332338,435.675053400291,93820.1136065337,3199000.26617194,0.971380816771086,34.018183378321
42,0.00480136197463466,0.00478986304149908,93602.2760798336,448.342082794988,93378.1050384361,3105180.15256541,0.970672051953655,33.1741949300142
43,0.00497762217124002,0.00496526456574576,93153.9339970386,462.533927635315,92922.6670332209,3011802.04752697,0.96992828098515,32.3314530937869
44,0.00517492586340007,0.00516157049108503,92691.4000694032,478.433195375589,92452.1834717155,2918879.38049375,0.969147153243514,31.4902933638743
45,0.00539604906264468,0.00538152956386533,92212.9668740277,496.246807404315,91964.8434703255,2826427.19702203,0.96832613773301,30.6510818688138
46,0.00564399588883743,0.00562811336449188,91716.7200666233,516.192097954323,91458.6240176462,2734462.35355171,0.967462511128105,29.8142187331316
47,0.00592183394902663,0.00590435165399083,91200.527968669,538.479988156648,90931.2879745907,2643003.72953406,0.966553343146651,28.9801362821281
48,0.00623305232754115,0.00621368720878149,90662.0479805124,563.345607858444,90380.3751765832,2552072.44155947,0.96559547496718,28.1492917754079
49,0.00658167759229747,0.0065600893956082,90098.7023726539,591.055541992907,89803.1746016575,2461692.06638289,0.96458549776849,27.3221700374904
50,0.00697236220952541,0.00694813973606429,89507.646830661,621.911637625725,89196.6910118482,2371888.89178123,0.963519736758298,26.499287778938
51,0.00741009203467803,0.00738273864825227,88885.7351930353,656.220152487939,88557.6251167913,2282692.20076938,0.962394237217046,25.6811984039059
52,0.00789951185076449,0.00786843345908599,88229.5150405474,694.228068223973,87882.4010064354,2194134.57565259,0.961204745393644,24.8684873156589
53,0.00844564905969724,0.00841013453727392,87535.2869723234,736.18354019612,87167.1952022253,2106252.17464616,0.959946667819909,24.0617498096751
54,0.00905409534016637,0.00901329173880045,86799.1034321273,782.345641900079,86407.9306111772,2019084.97944393,0.95861502423523,23.2615879612484
55,0.00973104503296021,0.00968392766485887,86016.7577902272,832.980060406246,85600.2677600241,1932677.04883275,0.957204411161053,22.4686107507802
56,0.0104831468528053,0.0104284851819977,85183.777729821,888.337763802026,84739.6088479199,1847076.78107273,0.955708964510277,21.6834335163103
57,0.0113169738695138,0.0112532972341414,84295.4399660189,948.601641420336,83821.1391453088,1762337.17222481,0.95412231385492,20.9066726852039
58,0.0122393501158632,0.012164904851064,83346.8383245986,1013.90635785576,82839.8851456707,1678516.0330795,0.952437512828779,20.1389286842823
59,0.0132574119257607,0.013170111131571,82332.9319667428,1084.33386379008,81790.7650348478,1595676.14793383,0.950646950334047,19.3807764380161
60,0.0143785282677862,0.0142758950872561,81248.5981029528,1159.89646250439,80668.6498717006,1513885.38289898,0.948742252529904,18.6327569736119
61,0.0156107958433111,0.0154898910796712,80088.7016404484,1240.56526512283,79468.419007887,1433216.73302728,0.946714162919503,17.8953673073836
62,0.0169655431051252,0.0168228388066627,78848.1363753255,1326.44948844786,78184.9116311016,1353748.31401939,0.944552406362134,17.1690591084539
63,0.0184562011064605,0.0182874427459396,77521.6868868777,1417.67341051243,76812.8501816215,1275563.40238829,0.942245607384017,16.4542781976563
64,0.0200977942918922,0.019897842915013,76104.0134763652,1514.30570535475,75346.8606236879,1198750.55220667,0.939781237030005,15.7514761370496
65,0.0219071422334169,0.0216697807489003,74589.7077710105,1616.34261352234,73781.5364642493,1123403.69158298,0.937145504971832,15.0611086321965
66,0.0239031712387649,0.0236208644548292,72973.3651574882,1723.69396719779,72111.5181738893,1049622.15511873,0.934323220568838,14.3836337114711
67,0.0261076920808414,0.0257712777883277,71249.6711902904,1836.19506857198,70331.5736560044,977510.636944845,0.931297640944201,13.7195108498698
68,0.0285455881818327,0.0281438961472075,69413.4761217184,1953.56566318631,68436.6932901252,907179.06328884,0.928050323957781,13.0692066436505
69,0.0312450672712293,0.0307644486376071,67459.9104585321,2075.36695039909,66422.2269833325,838742.369998715,0.924560986844187,12.4331972025711
70,0.0342381495567573,0.0336618891590618,65384.543508133,2200.96725628663,64284.0598799897,772320.143015383,0.920807354726298,11.811968113218
71,0.0375611528631517,0.036868736734965,63183.5762518464,2329.49863880291,62018.8269324449,708036.083135393,0.916765009353499,11.2060146819357
72,0.041254620630568,0.0404208472707084,60854.0776130435,2459.77337699666,59624.1909245451,646017.256202948,0.912407250972567,10.6158417240471
73,0.0453641061050161,0.0443579761369754,58394.3042360468,2590.25315383784,57099.1776591279,586393.065278403,0.907704956249939,10.0419565392548
74,0.0499412235570295,0.0487245419362534,55804.0510822089,2719.02682716791,54444.537668625,529293.887619275,0.902626444547023,9.48486493999395
75,0.0550445144905312,0.0535701432279459,53085.024255041,2843.77235260153,51663.1380787403,474849.34995065,0.897137414691274,8.9450717337773
76,0.0607401027581571,0.0589497944712782,50241.2519024395,2961.71147362852,48760.3961656252,423186.21187191,0.891200992306066,8.42308254367686
77,0.067098412052288,0.0649203846909933,47279.540428811,3069.40595265178,45744.8374524851,374425.815706284,0.884777918567006,7.91940472158479
78,0.0741946605550657,0.0715406918801062,44210.1344761592,3162.82360853696,42628.7226718907,328680.978253799,0.877826700153685,7.43451659101024
79,0.0821116578745935,0.0788734432796103,41047.3108676222,3237.54274549793,39428.5394948733,286052.255581909,0.870303651588338,6.96884277034441
80,0.0909403909182964,0.0869851587479807,37809.7681221243,3288.88868232732,36165.3237809606,246623.716087035,0.862163158215044,6.52275135066814
81,0.100780586685985,0.0959458472957122,34520.879439797,3312.13502724445,32864.8119261748,210458.392306075,0.853358288672458,6.09655361396878
82,0.11174200268132,0.105829218284657,31208.7444125525,3302.79702482609,29557.3459001395,177593.5803799,0.843841760995785,5.69050705892768
83,0.123945212391505,0.116712250079131,27905.9473877264,3256.96591021141,26277.4644326207,148036.23447976,0.833567486860101,5.30482740553254
84,0.137521666736075,0.128673939428241,24648.981477515,3171.6815496056,23063.1407027122,121758.77004714,0.822493023245512,4.93970796149159
85,0.15261418208709,0.14179427354615,21477.2999279094,3045.35814101071,19954.6208574041,98695.6293444275,0.8105833305167,4.5953462341965
86,0.169377598269525,0.156153173522797,18431.9417868987,2878.2062042117,16992.8386847929,78741.0084870234,0.797816570095859,4.27198660875719
87,0.187986453931516,0.171835116797666,15553.735582687,2672.67797049104,14217.3965974415,61748.1698022305,0.784193281095792,3.9699896834406
88,0.20864046337905,0.188931124679158,12881.057612196,2433.63270172922,11664.2412613314,47530.773204789,0.769751935272291,3.68997442879116
89,0.231560713802869,0.207532524094546,10447.4249104668,2168.18046195741,9363.33467948808,35866.5319434576,0.754596012754193,3.43304998608074
90,0.256991369826348,0.22772915595696,8279.24444850937,1885.42535022038,7336.53177339918,26503.1972639695,0.738939502312377,3.20116134132762
91,0.277033515413706,0.243328447770671,6393.81909828899,1555.79807651313,5615.92006003242,19166.6654905703,0.723183142760929,2.997686546324
92,0.302483246284616,0.262745231065386,4838.02102177586,1271.16695126569,4202.43754614301,13550.7454305379,0.706995457149531,2.80088601714342
93,0.329206326827609,0.282676826896645,3566.85407051017,1008.26699065519,3062.72057518257,9348.30788439491,0.689874068723008,2.62088319275081
94,0.35708166975094,0.302986251459561,2558.58707985497,775.216708358122,2170.97872567591,6285.58730921234,0.672377010571597,2.45666342908627
95,0.385959261976451,0.323525441634519,1783.37037149685,576.965687036435,1494.88752797863,4114.60858353643,0.654610043759306,2.30720923107121
96,0.415662348196244,0.344139443582929,1206.40468446041,415.171436846047,998.818966037392,2619.7210555578,0.63668779237956,2.17151101061044
97,0.445991042324122,0.36467103485412,791.233247614368,288.539847218517,646.96332400511,1620.90208952041,0.618730794288814,2.0485768190449
98,0.4767272640838,0.384965491353892,502.693400395851,193.519611883748,405.933594453977,973.938765515298,0.600862181505033,1.93744092273414
99,0.507640773348923,0.40487519483979,309.173788512103,125.176797863194,246.585389580506,568.005171061321,0.583204192268492,1.83717117092895
100,0.538495964256892,0.424263793867822,183.996990648909,78.0632613129685,144.965359992425,321.419781480815,0.565874745260224,1.7468752089219
101,0.569059001065577,0.443009678508393,105.933729335941,46.9296673763103,82.4688956477858,176.45442148839,0.5489843240993,1.66570574447361
102,0.599104840837605,0.461008599133333,59.0040619596307,27.2013799471857,45.4033719860378,93.985525840604,0.532633441813687,1.59286535060767
103,0.628423700310261,0.478175341544882,31.8026820124449,15.2072583333441,24.1990528457729,48.5821538545662,0.516911018159964,1.52761184844584
104,0.656826583735835,0.494444453210983,16.5954236791008,8.2055151868176,12.492666085692,24.3831010087933,0.501894195176807,1.46926655687012
105,0.684149585515853,0.509770088230288,8.38990849228319,4.27692439235524,6.25144629610557,11.8904349231013,0.487650644551456,1.41723058529635
106,0.710256801154035,0.524125094604767,4.11298409992795,2.15571818048264,3.03512500968663,5.63898862699575,0.474245783561713,1.37102125609835
107,0.735041805237926,0.537499502808502,1.95726591944531,1.05202945856588,1.43125119016237,2.60386361730912,0.461760749940785,1.33035761336255
108,0.758427769762513,0.549898589389426,0.905236460879432,0.497788252901476,0.656342334428694,1.17261242714674,0.450335578004867,1.29536588264193
109,0.780366387855325,0.561340686079342,0.407448207977956,0.228717256608144,0.293089579673884,0.516270092718049,0.440273427746508,1.2670815151701
110,0.80083582984883,1,0.178730951369812,0.178730951369812,0.223180513044165,0.223180513044165,0.43229409604025,1.24869537891276
