"Edad","Mx","qx","lx","dx","Lx","Tx","P_x1","e_0"
25,0.00143887835725378,0.00143784391600785,1e+05,143.784391600785,99928.1078041996,5393366.12347071,0.999281078041996,53.9336612347071
26,0.0014457747225018,0.00144473034519485,99856.2156083992,144.265304845774,99784.0829559763,5293438.01566651,0.981472033324544,53.0106011269794
27,0.00145316459602071,0.00145210951894947,99711.9503035534,144.792672188806,99639.553967459,5193653.93271053,0.981149475508988,52.0865745469773
28,0.00146130753686074,0.00146024060655875,99567.1576313646,145.392006652954,99494.4616280382,5094014.37874307,0.980815134150562,51.161592837701
29,0.00147046968498656,0.00146938933874752,99421.7656247117,146.089282448406,99348.7209834875,4994519.91711504,0.980468358698943,50.2356791365776
30,0.00148093622866625,0.00147984045399576,99275.6763422633,146.912161949071,99202.2202612887,4895171.19613155,0.980108454339517,49.3088677558331
31,0.00149320481674922,0.00149209081815087,99128.7641803142,147.90911884809,99054.8096208902,4795968.97587026,0.97973467805586,48.3812041391583
32,0.00150797309646853,0.00150683696166905,98980.8550614661,149.148010904224,98906.281056014,4696914.16624937,0.97934623636657,47.4527540031114
33,0.00152598120510572,0.00152481778346633,98831.7070505619,150.700344481031,98756.3568783214,4598007.88519336,0.978942284752248,46.5236109181139
34,0.00154801922245029,0.00154682196738069,98681.0067060809,152.641948936207,98604.6857316128,4499251.52831503,0.978521925289354,45.5938957100018
35,0.0015749409628924,0.0015737017192419,98528.3647571446,155.054257012411,98450.8376286384,4400646.84258342,0.978084202425433,44.6637559999118
36,0.00160758022916154,0.00160628910985388,98373.3105001322,158.015977356636,98294.3025114539,4302196.00495478,0.977628098515889,43.7333661242294
37,0.00164674950703681,0.00164539473055609,98215.2945227756,161.60292806779,98134.4930587417,4203901.70244333,0.977152528058171,42.802923138091
38,0.00169337509030842,0.00169194254362961,98053.6915947078,165.901212369023,97970.7409885233,4105767.20938459,0.976656330236812,41.8726428613748
39,0.00174853271355095,0.00174700536553475,97887.7903823388,171.010495018287,97802.2851348296,4007796.46839606,0.976138262109797,40.942761632907
40,0.00181347804715689,0.00181183518548991,97716.7798873205,177.04670001262,97628.2565373142,3909994.18326123,0.975596993034437,40.0135390029219
41,0.00188940359392581,0.0018876203555839,97539.7331873079,184.117985842585,97447.6741943866,3812365.92672392,0.97503109929031,39.085260971577
42,0.0019772775476213,0.00197532466506655,97355.6152014653,192.308947990182,97259.4607274702,3714918.25252953,0.974439055414041,38.1582330391727
43,0.00207821044559417,0.00207605320786308,97163.3062534751,201.71619363411,97062.4481566581,3617658.79180206,0.973819219127838,37.2327675055075
44,0.00219350652142708,0.00219110342160488,96961.590059841,212.452871744367,96855.3636239688,3520596.34364541,0.973169816795158,36.3091853327965
45,0.00232468652235366,0.00232198757574246,96749.1371880966,224.650294514564,96636.8120408393,3423740.98002144,0.972488932507474,35.3878192563631
46,0.00247352542395593,0.00247047003873097,96524.4868935821,238.460852874475,96405.2564671448,3327104.1679806,0.97177449678444,34.4690168790922
47,0.00264209866129182,0.00263861292345546,96286.0260407076,254.06155265918,96158.995264378,3230698.91151345,0.971024274684595,33.553144151443
48,0.00283280669051838,0.00282879996877953,96031.9644880484,271.655218145629,95896.1368789756,3134539.91624907,0.970235853634738,32.6405893387632
49,0.00304841920068658,0.00304377984222972,95760.3092699028,291.473299041414,95614.5726203821,3038643.7793701,0.969406630816261,31.731766558999
50,0.00329212885844264,0.00328671870768905,95468.8359708614,313.779209186728,95311.946366268,2943029.20674972,0.968533800088866,30.8271194135852
51,0.00356748042640148,0.00356112829865081,95155.0567616746,338.859365393724,94985.6270789778,2847717.26038345,0.967614338944488,29.9271248139323
52,0.00387815667596506,0.00387065118010782,94816.1973962809,367.000426345251,94632.6971831083,2752731.63330447,0.9666449937287,29.0322930986098
53,0.00422822199898614,0.00421930192637341,94449.1969699356,398.509678719672,94249.9421305758,2658098.93612136,0.965622258254973,28.1431607826954
54,0.00462219851260355,0.00461154078412695,94050.687291216,433.718580218613,93833.8280011067,2563848.99399079,0.964542349853951,27.2602898270393
55,0.00506509371270424,0.00505229852994487,93616.9687109974,472.980873396467,93380.4782742991,2470015.16598968,0.963401187737251,26.3842677241004
56,0.0055620903179598,0.00554666479268961,93143.9878376009,516.63847798953,92885.6685986061,2376634.68771538,0.962194370479955,25.5157068415313
57,0.0061174985481144,0.00609884371433061,92627.3493596114,564.919727416971,92344.8894959029,2283749.01911677,0.960917145121745,24.6552344950569
58,0.00673518103824005,0.00671257583151098,92062.4296321944,617.976040139249,91753.4416121248,2191404.12962087,0.959564344101342,23.8034574839695
59,0.00741854110754438,0.00739112542365119,91444.4535920551,675.87742579613,91106.5148791571,2099650.68800875,0.958130296291812,22.9609408283584
60,0.00817025949331534,0.00813701871610906,90768.576166259,738.58560309942,90399.2833647093,2008544.17312959,0.9566087276329,22.1281886084737
61,0.00899282785938058,0.00895257338371149,90029.9905631596,806.000097251539,89626.9905145338,1918144.88976488,0.954992633682607,21.3056213575767
62,0.00989199714298813,0.00984331213522852,89223.990465908,878.259588106586,88784.8606718548,1828517.89925035,0.953274129085462,20.4935678140176
63,0.0108752206163011,0.0108164052197809,88345.7308778015,955.58322461201,87867.9392654955,1739733.03857849,0.951444357909619,19.6923271933181
64,0.0119508194869919,0.0118798326194068,87390.1476531894,1038.18032670514,86871.0574898369,1651865.099313,0.949493435304712,18.9021891331329
65,0.0131281019244038,0.0130424903530523,86351.9673264843,1126.24470082276,85788.8449760729,1564994.04182316,0.947410319688959,18.1234323927577
66,0.0144177420397395,0.0143145502929701,85225.7226256615,1219.96789277975,84615.7386792717,1479205.19684709,0.945182637963189,17.3563233173654
67,0.0158334674401288,0.015709102657409,84005.7547328818,1319.65502491196,83345.9272204258,1394589.45816782,0.942796483638896,16.6011181329455
68,0.0173919626204475,0.0172420262821475,82686.0997079698,1425.67590433309,81973.2617558033,1311243.53094739,0.940236227419986,15.8580890328414
69,0.0191128423380203,0.018931920928093,81260.4238036367,1538.41591803378,80491.2158446199,1229270.26919159,0.93748433466316,15.1275394792683
70,0.0210192120531722,0.0208006058802564,79722.007885603,1658.26606601112,78892.8748525974,1148779.05334697,0.934521140011339,14.4098108391275
71,0.0231384091448858,0.0228737777309716,78063.7418195918,1785.61267922929,77170.9354799772,1069886.17849437,0.931324587941656,13.7052894667401
72,0.0255033616867336,0.0251822457263124,76278.1291403626,1920.854591556,75317.7018445845,992715.243014392,0.927869957542046,13.0144151960997
73,0.0281536102016572,0.0277627986953689,74357.2745488065,2064.3660448348,73325.0915263892,917397.541169807,0.924129600734364,12.3376972426235
74,0.0311364708897803,0.0306591618397166,72292.9085039717,2216.4399816871,71184.6885131282,844072.449643418,0.920072718493566,11.6757295716916
75,0.034508748605255,0.0339234211982743,70076.4685222846,2377.23355776907,68887.8517434001,772887.76113029,0.915665191366925,11.0292053442235
76,0.0383380121600879,0.037616932943776,67699.2349645156,2546.63758200512,66425.916173513,703999.90938689,0.91086952697678,10.398934489524
77,0.0426937713181068,0.0418014407421994,65152.5973825105,2723.47243868539,63790.8611631678,637573.993213377,0.905644993290748,9.78585687797194
78,0.0476481104672617,0.0465393543194183,62429.1249438251,2905.41116561191,60976.4193610191,573783.132050209,0.899947516927939,9.19095266138217
79,0.0532823321244688,0.0518996645428095,59523.7137782132,3089.26077743147,57979.0833894974,512806.71268919,0.893729153132924,8.61516663089807
80,0.0596880362677057,0.0579583269084424,56434.4530007817,3270.84647591843,54799.0297628225,454827.629299692,0.886937744856241,8.0593964345396
81,0.0669684369412259,0.0647987030129286,53163.6065248633,3444.93275030081,51441.1401497128,400028.59953687,0.879516928540164,7.5244819846785
82,0.0752460029872916,0.0725176705595153,49718.6737745624,3605.48240543973,47915.9325718426,348587.459387157,0.871406343923238,7.01119786436268
83,0.0846668118664633,0.0812281477159974,46113.1913691227,3745.68912018716,44240.3468090291,300671.526815314,0.862542580688122,6.52029317182856
84,0.0953996418964611,0.0910562739336147,42367.5022489356,3857.82689066211,40438.5888036045,256431.180006285,0.85286153538508,6.05254420002369
85,0.10763941211272,0.102142151540828,38509.6753582734,3933.46109623287,36542.944810157,215992.591202681,0.842302372111639,5.60878764085132
86,0.121611036871617,0.114640275487006,34576.2142620406,3963.82672829806,32594.3008978915,179449.646392524,0.830813896871739,5.18997380778995
87,0.137563253918559,0.128710346855354,30612.3875337425,3940.13101753852,28642.3220249733,146855.345494632,0.818365198521509,4.79725226700338
88,0.155765045956034,0.144510225034246,26672.256516204,3854.41379132778,24745.0496205401,118213.023469659,0.804962346256438,4.43205933468141
89,0.176515905223434,0.162200427573088,22817.8427248762,3701.06384627041,20967.310801741,93467.9738491189,0.790674082311318,4.09626689850129
90,0.200148389751322,0.181940809705062,19116.7788786058,3478.12222812617,17377.7177645427,72500.6630473779,0.77567384914551,3.79251460236932
91,0.218140030107468,0.196687339073809,15638.6566504796,3075.92576327177,14100.6937688438,55122.9452828352,0.760309533263348,3.52478774327107
92,0.24237652990311,0.216178261474742,12562.7308872079,2715.78932257164,11204.8362259221,41022.2515139914,0.744195566900621,3.26539284191487
93,0.268381499674684,0.236628185967107,9846.94156463624,2330.06391976398,8681.90960475424,29817.4152880694,0.726859550307705,3.02808898502597
94,0.29608618213647,0.257905112133872,7516.87764487225,1938.64117189737,6547.55705892357,21135.5056833151,0.70883091237529,2.81174001784278
95,0.325378867859832,0.279850197623319,5578.23647297488,1561.07057935163,4797.70118329907,14587.9486243916,0.690210532124038,2.61515421496855
96,0.356103488336428,0.302281703753057,4017.16589362325,1214.31575058311,3410.0080183317,9790.2474410925,0.67111885935236,2.4371030971445
97,0.388060476581578,0.325000543652121,2802.85014304014,910.927820263472,2347.38623290841,6380.2394227608,0.651693377634266,2.2763398316545
98,0.421010175817593,0.347797113802229,1891.92232277667,658.005123399735,1562.9197610768,4032.85318985239,0.632084930146294,2.13161668494592
99,0.454678852252381,0.370458931387439,1233.91719937694,457.115647101762,1005.35937582606,2469.93342877558,0.612453097720125,2.00170111091957
100,0.488767098762762,0.392778495830922,776.801552275175,305.110945261768,624.246079644291,1464.57405294953,0.592960942139869,1.88539022438863
101,0.522960141001661,0.414560763369045,471.690607013407,195.544418117486,373.918397954664,840.327973305238,0.573769534980418,1.7815236530274
102,0.556939322069827,0.435629674324057,276.146188895921,120.297474334559,215.997451728641,466.409575350574,0.555032785016139,1.68899515584611
103,0.590393889561505,0.45583329387906,155.848714561361,71.0410329053226,120.3281981087,250.412123621933,0.536893187567413,1.60676412588145
104,0.623032168954965,0.47504729551463,84.8076816560386,40.2876598095668,64.6638517512552,130.083925513233,0.519479343219145,1.53386960913311
105,0.654591287851508,0.493176701699568,44.5200218464717,21.9562375338357,33.5419030795539,65.420073761978,0.502906669704728,1.4694528674667
106,0.684844800618333,0.510155969135058,22.5637843126361,11.5110492533673,16.8082596859524,31.8781706824241,0.487284236309615,1.41280249096211
107,0.713607817309262,0.525947642660357,11.0527350592688,5.81315994937192,8.14615508458285,15.0699109964717,0.472734497427746,1.3634553724179
108,0.740739518940529,0.540539889924944,5.23957510989689,2.83219935315714,3.82347543331832,6.92375591188883,0.459442389109656,1.32143461381262
109,0.766143198800428,0.553943265939866,2.40737575673975,1.33354958903287,1.74060096222331,3.10028047857051,0.447774375357022,1.28782574547861
110,0.789764172215916,1,1.07382616770688,1.07382616770688,1.35967951634719,1.35967951634719,0.438566615422525,1.26620076622899
