"Edad","Mx","qx","lx","dx","Lx","Tx","P_x1","e_0"
25,0.000358226118662997,0.000358161967177319,1e+05,35.8161967177319,99982.0919016411,5619502.69119693,0.999820919016411,56.1950269119693
26,0.000379674920447498,0.000379602857605116,99964.1838032823,37.946689829889,99945.2104583673,5519520.59929529,0.982208017791634,55.2149818994877
27,0.000402696019128993,0.000402614953409503,99926.2371134524,40.2317972998196,99906.1212148025,5419575.38883692,0.981892411005563,54.2357597503021
28,0.000427559942173386,0.000427468557957426,99886.0053161526,42.6981266526235,99864.6562528263,5319669.26762212,0.98156569213511,53.257403284721
29,0.000454584282034553,0.000454480982079084,99843.3071894999,45.3768843055076,99820.6187473472,5219804.61136929,0.98122728101526,52.2799650602743
30,0.000484141562509361,0.000484024394346076,99797.9303051944,48.3046327729636,99773.777988808,5119983.99262195,0.980876560296926,51.3035087698152
31,0.000516655856683535,0.000516522424515668,99749.6256724215,51.5229184968494,99723.864213173,5020210.21463314,0.980512873061208,50.3281108153683
32,0.000552612949583946,0.000552460301225652,99698.1027539246,55.0792438790592,99670.5631319851,4920486.35041996,0.980135520237281,49.3538614527574
33,0.000592585168285604,0.000592409641701993,99643.0235100456,59.0294878556894,99613.5087661177,4820815.78728798,0.979743757825184,48.3808661908173
34,0.000637249969323137,0.000637046990235645,99583.9940221899,63.4396836674805,99552.2741803562,4721202.27852186,0.979336794193881,47.4092480913133
35,0.000687408689137628,0.000687172504962204,99520.5543385224,68.3877886200296,99486.3604442124,4621650.00434151,0.978913787567788,46.4391505358864
36,0.000743892168096204,0.000743615583191998,99452.1665499024,73.9541808287134,99415.189459488,4522163.64389729,0.978473843681205,45.4707403646978
37,0.000807523098895861,0.000807197183710256,99378.2123690736,80.2178131464759,99338.1034625004,4422748.45443781,0.978016012402901,44.5042061937326
38,0.000879236295189767,0.000878849936808533,99297.9945559272,87.2680362406906,99254.3605378068,4323410.3509753,0.977539282533054,43.5397549599076
39,0.000960102574690193,0.000959641897361974,99210.7265196865,95.2067698360118,99163.1231347685,4224155.9904375,0.977042576928786,42.5776137180015
40,0.00105134574607046,0.00105079337249937,99115.5197498505,104.149931264973,99063.444784218,4124992.86730273,0.976524748764191,41.6180319460914
41,0.0011542025186177,0.00115353681107137,99011.3698185855,114.213259800339,98954.2631886853,4025929.42251851,0.975984577920254,40.6612839504701
42,0.00126977815921284,0.00126897250242873,98897.1565587852,125.497772241487,98834.4076726644,3926975.15932983,0.975420765541691,39.7076649721027
43,0.00139918935040189,0.00139821116931303,98771.6587865437,138.103636526921,98702.6069682802,3828140.75165716,0.974831924404245,38.7574816368144
44,0.00154355232501799,0.00154236196681804,98633.5551500167,152.128644115435,98557.490827959,3729438.14468888,0.974216567944752,37.811048572837
45,0.00170394758032709,0.00170249709742226,98481.4265059013,167.6643427763,98397.5943345132,3630880.65386092,0.973573099484619,36.8686846107306
46,0.00188156038883896,0.00187979191783303,98313.762163125,184.809415526001,98221.357455362,3532483.05952641,0.972899799328331,35.9307077849916
47,0.00207791716865452,0.00207576053942308,98128.952747599,203.692207888378,98027.1066436548,3434261.70207105,0.972194811468245,34.997435577494
48,0.00229465381804212,0.00229202411709645,97925.2605397106,224.44705882997,97813.0370102956,3336234.59542739,0.971456133763906,34.069192944087
49,0.00253346978057206,0.00253026460611384,97700.8134808806,247.208910339202,97577.209025711,3238421.5584171,0.970681606999592,33.1463111005809
50,0.00279611248182966,0.0027922088168673,97453.6045705414,272.110813917365,97317.5491635827,3140844.34939139,0.969868898392152,32.2291244457551
51,0.00308439405001141,0.00307964463122306,97181.4937566241,299.284465501825,97031.8515238732,3043526.8002278,0.969015481718335,31.3179668533378
52,0.00340024895789206,0.00339447792288212,96882.2092911222,328.86452055876,96717.7770308429,2946494.94870393,0.968118614392812,30.4131684265166
53,0.00374566272936096,0.0037386608480628,96553.3447705635,360.980209843215,96372.8546656419,2849777.17167309,0.967175312120122,29.5150538642128
54,0.00412263769532367,0.00411415710573936,96192.3645607203,395.750500175359,95994.4893106326,2753404.31700745,0.966182319227064,28.6239383924219
55,0.00453316651259276,0.00452291494929902,95796.6140605449,433.279937826667,95579.9740916316,2657409.82769681,0.965136072200626,27.7401226938698
56,0.00497940801339158,0.00496704155014276,95363.3341227183,473.673642947689,95126.4973012444,2561829.85360518,0.96403265574792,26.8638872284865
57,0.0054643073295514,0.00544941868033303,94889.6604797706,517.093488388921,94631.1137355761,2466703.35630394,0.962867753622523,25.9954914353373
58,0.00599127291462119,0.00597337884318522,94372.5669913816,563.723095043399,94090.7054438599,2372072.24256836,0.961636605595993,25.1351883093843
59,0.00656409550491929,0.00654262230608442,93808.8438963382,613.755834584174,93501.9659790462,2277981.5371245,0.96033396295638,24.2832279186997
60,0.00718700095476548,0.00716126693860295,93195.0880617541,667.39490297683,92861.3906102657,2184479.57114545,0.958954028180108,23.4398573634905
61,0.00786503565811953,0.00783422741911694,92527.6931587772,724.882990772132,92165.2516633912,2091618.18053519,0.957490382681138,22.6053207329613
62,0.00860558531381073,0.00856871590593158,91802.8101680051,786.632199695803,91409.4940681572,1999452.9288718,0.955935910042717,21.7798662722053
63,0.00941797668714288,0.0093738354054839,91016.1779683093,853.170671511162,90589.5926325537,1908043.43480364,0.954282747671517,20.9637833338596
64,0.0103134280089146,0.0102605174548622,90163.0072967981,925.119110151662,89700.4477417223,1817453.84217109,0.952522258676005,20.1574226133385
65,0.0113054397822489,0.0112418925128277,89237.8881866465,1003.20274706602,88736.2868131135,1727753.39442936,0.950644992648304,19.3612088938687
66,0.0124098091767175,0.0123332823365579,88234.6854395805,1088.22328740372,87690.5737958786,1639017.10761625,0.948640652595898,18.5756553610494
67,0.0136422482077558,0.0135498231822442,87146.4621521767,1180.81915312013,86556.0525756167,1551326.53382037,0.946498072906991,17.8013713409435
68,0.0150196362683692,0.0149076822856022,85965.6429990566,1281.54849330744,85324.8687524029,1464770.48124476,0.944205136256866,17.0390219876658
69,0.016561315960463,0.0164253036388086,84684.0945057492,1390.9619656345,83988.6135229319,1379445.61249235,0.941748642640658,16.2893117124693
70,0.0182894886111176,0.0181237515374502,83293.1325401147,1509.58403893295,82538.3405206482,1295456.99896942,0.939114226206292,15.552986896555
71,0.0202295241841609,0.0200269562859005,81783.5485011817,1637.87555073899,80964.6107258122,1212918.65844877,0.936286313952288,14.8308392173916
72,0.0224091329987729,0.0221608304997567,80145.6729504427,1776.0946735437,79257.6256136709,1131954.04772296,0.933248111765912,14.1237075696263
73,0.0248589680807793,0.024553777297726,78369.578276899,1924.26917192768,77407.4436909352,1052696.42210929,0.929981587350559,13.4324625097491
74,0.0276136013687038,0.0272375381089017,76445.3091049714,2082.18201999343,75404.2180949747,975288.978418355,0.926467458172002,12.7579964007881
75,0.0307120052088493,0.0302475241492362,74363.1270849779,2249.30048231559,73238.4768438201,899884.76032338,0.922685255587263,12.1012226838584
76,0.0341973755736506,0.0336224753647682,72113.8266026623,2424.64535840718,70901.5039234587,826646.28347956,0.918613493557218,11.4630761176254
77,0.0381084002269071,0.03739585217613,69689.1812442552,2606.0863200857,68386.1380842123,755744.779556101,0.914229936866084,10.8445065082236
78,0.0424777336529599,0.0415943174831959,67083.0949241695,2790.27554803127,65687.9571501538,687358.641471889,0.909511597123595,10.2463764119541
79,0.0473350224674254,0.0462406220261672,64292.8193761382,2972.93995976864,62806.3493962539,621670.684321735,0.904434231001313,9.66936417401014
80,0.0527050728930085,0.0513518221287658,61319.8794163695,3148.88754074678,59745.4356459962,558864.334925481,0.89897167265531,9.11391770898184
81,0.0586072238437709,0.0569387138692161,58170.9918756228,3312.18146189458,56514.9011446755,499118.899279485,0.893094921410645,8.58020266091847
82,0.0650858368312436,0.0630345099176256,54858.8104137282,3457.99822909329,53129.8112991815,442603.99813481,0.886770664813016,8.06805679519529
83,0.07222137027322,0.0697043002347743,51400.8121846349,3582.85764482904,49609.3833622204,389474.186835628,0.879960841919464,7.57719908075796
84,0.0801129813865722,0.0770275288923682,47817.9545398059,3683.29887488885,45976.3051023614,339864.803473408,0.872624720612981,7.10747263751085
85,0.0888816390039065,0.0850997369542586,44134.655664917,3755.84758765122,42256.7318710914,293888.498371047,0.864721781624678,6.65890543255469
86,0.0986740572572609,0.0940346662370403,40378.8080772658,3797.0077405952,38480.3042069682,251631.766499955,0.856215088017019,6.23177796676048
87,0.109637639979112,0.103939783687399,36581.8003366706,3802.30441388917,34680.648129726,213151.462292987,0.847076922193864,5.82670782551175
88,0.121905357911591,0.114901786224407,32779.4959227814,3766.42263306326,30896.2846062498,178470.814163261,0.837295753185799,5.4445869022417
89,0.135620454701601,0.127008012498691,29013.0732897182,3684.89277500597,27170.6269022152,147574.529557011,0.826883265193229,5.08648387860756
90,0.150938402555847,0.140346559786644,25328.1805147122,3554.72300089498,23550.8190142647,120403.902654796,0.815885390359868,4.75375254787282
91,0.164473725481207,0.151975719127421,21773.4575138172,3309.03686355271,20118.9390820409,96853.0836405312,0.804401531055134,4.44821790839003
92,0.180990121053398,0.165970601431226,18464.4206502645,3064.55100040355,16932.1451500627,76734.1445584903,0.792273634191019,4.15578403524896
93,0.198770515804053,0.180801511003858,15399.8696498609,2784.31970195732,14007.7097988823,59801.9994084276,0.779340145804893,3.88327958405593
94,0.21783306696403,0.196437748366895,12615.5499479036,2478.17022617629,11376.4648348155,45794.2896095453,0.765765192845572,3.62998757871472
95,0.23818031149185,0.212833890342903,10137.3797217273,2157.57796405848,9058.59073969809,34417.8247747298,0.751574597361061,3.39514013675176
96,0.259796861740151,0.229929394220058,7979.80175766886,1834.79098413696,7062.40626560038,25359.2340350317,0.736805251378086,3.17792782391626
97,0.282647387178108,0.247648750977282,6145.0107735319,1521.80424280712,5384.10865212834,18296.8277694314,0.721505536963607,2.9775094696726
98,0.30667504364072,0.265902251369298,4623.20653072478,1229.32102506496,4008.5460181923,12912.719117303,0.705735402880952,2.79302233882221
99,0.33180051277981,0.28458739155543,3393.88550565982,965.857023293509,2910.95699401307,8904.17309911073,0.689566079632225,2.62359265928732
100,0.357921800521721,0.303590899785163,2428.02848236631,737.127351665592,2059.46480653351,5993.21610509767,0.673079469411507,2.46834670541294
101,0.384914912429268,0.322791316724331,1690.90113070072,545.808202429545,1417.99702948595,3933.75129856416,0.656367337599959,2.32642301027618
102,0.412635475970444,0.342062014821753,1145.09292827117,391.692794202578,949.246531169884,2515.75426907821,0.639530584965164,2.19698699290408
103,0.440921317393189,0.361274502583374,753.400134068595,272.184258681879,617.308004727656,1566.50773790833,0.62267915319182,2.07925067579786
104,0.469595929421852,0.380301833046662,481.215875386716,183.007279500722,389.712235636355,949.19973318067,0.605933638379652,1.97250294873973
105,0.4984726927885,0.399021925856763,298.208595885994,118.99176823747,238.712711767259,559.487497544315,0.589430736215581,1.87616153679959
106,0.527359648420691,0.417320620553731,179.216827648524,74.7908777279529,141.821388784547,320.774785777056,0.573336825550152,1.78986979061003
107,0.556064566536409,0.43509430381088,104.425949920571,45.4351359804805,81.7083819303304,178.953396992509,0.557878626772382,1.71368703975043
108,0.584400030902357,0.452251991885568,58.9908139400901,26.6787131073567,45.6514573864118,97.2450150621785,0.543409718376284,1.6484772554747
109,0.612188255068921,0.468716796257679,32.3121008327334,15.1452243826739,24.7394886413965,51.5935576757668,0.530552210236975,1.59672557172452
110,0.639265372710847,1,17.1668764500595,17.1668764500595,26.8540690343703,26.8540690343703,0.520492678623392,1.56429558472632
