"Edad","Mx","qx","lx","dx","Lx","Tx","P_x1","e_0"
25,0.000339683125246705,0.000339625442730805,1e+05,33.9625442730805,99983.0187278635,6128392.89534382,0.999830187278635,61.2839289534382
26,0.000353401297642189,0.000353338862435943,99966.0374557269,35.3218859568354,99948.3765127485,6028409.87661595,0.983685279250972,60.304579735751
27,0.000367861447463727,0.000367793798884114,99930.7155697701,36.7538975046136,99912.3386210178,5928461.50010321,0.983420441118238,59.3257184870656
28,0.000383182645030196,0.000383109244623351,99893.9616722655,38.2703001986956,99874.8265221661,5828549.16148219,0.983147003886375,58.3473621819568
29,0.000399499516759204,0.000399419732764092,99855.6913720668,39.8843335628046,99835.7492052854,5728674.33496002,0.982864547633537,57.369532534853
30,0.000416964431072819,0.000416877519523941,99815.807038504,41.6109660474919,99795.0015554802,5628838.58575474,0.982572626166577,56.3922564247105
31,0.000435750140338565,0.000435655221926518,99774.1960724565,43.467149532486,99752.4624976902,5529043.58419926,0.982270765090327,55.4155663673205
32,0.000456052970840323,0.000455949002391777,99730.728922924,45.4721263602119,99707.9928597439,5429291.12170157,0.981958459726604,54.439501047842
33,0.000478096673134516,0.000477982412233963,99685.2567965638,47.6477995077836,99661.4328968099,5329583.12884182,0.981635172875295,53.4641059281049
34,0.000502137070840267,0.000502011031665782,99637.608997056,50.0191788853239,99612.5994076133,5229921.69594501,0.981300332411089,52.4894339455651
35,0.000528462144463465,0.000528322545230854,99587.5898181707,52.6143689261422,99561.2826337076,5130309.0965374,0.980953328711432,51.5155463236377
36,0.000557354126100368,0.000557198847561994,99534.9754492445,55.4607736124305,99507.2450624383,5030747.81390369,0.980593511860542,50.5425132341445
37,0.000589109337613542,0.000588935863805231,99479.5146756321,58.5870539064185,99450.2211486789,4931240.56884125,0.980220188182078,49.5704124102365
38,0.00062406439803989,0.00062386973059595,99420.9276217257,62.0257073309654,99389.9147680602,4831790.34769257,0.979832616202692,48.5993287658354
39,0.000662602682884552,0.000662383234430437,99358.9019143947,65.8136708195133,99325.995078985,4732400.43292451,0.979430002625109,47.6293552137063
40,0.000705161708061053,0.000704913169173848,99293.0882435752,69.9930055108372,99258.0917408198,4633074.43784553,0.979011498184315,46.6605936002329
41,0.000752241808686251,0.000751958981194216,99223.0952380644,74.6116976061515,99185.7893892613,4533816.34610471,0.978576193179625,45.6931557640567
42,0.00080441636181579,0.00080409294905347,99148.4835404582,79.7245965242265,99108.6212421961,4434630.55671545,0.978123112667659,44.7271647367745
43,0.000862343854159669,0.000861972195946853,99068.758943934,85.3945156966323,99026.0616860857,4335521.93547325,0.977651211307306,43.7627561068657
44,0.000926779610134026,0.000926350348826459,98983.3644282374,91.6932741661142,98937.5177911543,4236495.87378717,0.977159367854686,42.8000795715386
45,0.000998516226602358,0.000998017958039586,98891.6711540712,98.6956637123084,98842.3233222151,4137558.35599601,0.976646379286401,41.8393005974161
46,0.001078361926208,0.0010777808073143,98792.9754903589,106.477172880981,98739.7369039184,4038716.0326738,0.976110953654835,40.8805991785107
47,0.00116721487436223,0.00116653407639952,98686.4983174779,115.121163167882,98628.937735894,3939976.29576988,0.975551701059173,39.9241675704698
48,0.00126607669759694,0.00126527572953833,98571.3771543101,124.719971140518,98509.0171687398,3841347.35803398,0.974967124080978,38.9702109165066
49,0.00137606274992731,0.00137511662654401,98446.6571831696,135.375635120255,98378.9693656094,3742838.34086524,0.974355608075195,38.0189480065466
50,0.0014984131254878,0.0014972913449858,98311.2815480493,147.200630976356,98237.6812325611,3644459.37149964,0.973715410497033,37.0706119797494
51,0.00163450439107118,0.00163316967956487,98164.0809170729,160.318600576116,98083.9216167849,3546221.69026707,0.973044649090947,36.1254509504638
52,0.00178586198953267,0.00178426876065329,98003.7623164968,174.865051527815,97916.3297907329,3448137.76865029,0.972341288790268,35.1837285339592
53,0.00195417327599879,0.00195226574322726,97828.897264969,190.988004828098,97733.403262555,3350221.43885956,0.971603127148524,34.2457242442946
54,0.00214131932450502,0.0021390291522753,97637.9092601409,208.850334274651,97533.4840930036,3252488.035597,0.970827778089849,33.3117337337822
55,0.0023494289671378,0.00234667229720209,97429.0589258663,228.6340735238,97314.7418891044,3154954.551504,0.970012653997326,32.3820694388992
56,0.00258087244471248,0.00257754628562071,97200.4248523425,250.538594038911,97075.155555323,3057639.80961489,0.969154946513346,31.4570621914438
57,0.00283827795713377,0.00283425575431759,96949.8862583036,274.780773008033,96812.4958717995,2960564.65405957,0.968251605290438,30.5370616544277
58,0.0031245558547096,0.0031196820443114,96675.1054852955,301.595590714387,96524.3076899383,2863752.15818777,0.967299313751163,29.6224363429669
59,0.00344292425406993,0.00343700757569803,96373.5098945811,331.236483604285,96207.891652779,2767227.85049783,0.966294461825558,28.7135734033635
60,0.00379693597425228,0.00378974127176834,96042.2734109768,363.975367380038,95860.2857272868,2671019.95884505,0.96523311528703,27.8108781058881
61,0.00419050663576798,0.00418174482105711,95678.2980435968,400.10222733137,95478.2469299311,2575159.67311777,0.964110981121707,26.9147730025922
62,0.00462794370283148,0.00461725949433091,95278.1958162654,439.924154235371,95058.2337391477,2479681.42618784,0.96292336823746,26.0256966973814
63,0.00511402626678694,0.00510098298629776,94838.27166203,483.768410197901,94596.3874569311,2384623.19244869,0.961665142652907,25.1441021716068
64,0.00565435787693467,0.00563841706296795,94354.5032518322,532.010041102996,94088.4982312807,2290026.80499176,0.960330677082867,24.2704558454372
65,0.00625535204425919,0.00623584833095682,93822.4932107292,585.062837694333,93529.961791882,2195938.30676048,0.958913800473345,23.4052435787259
66,0.00692422298022675,0.00690033325717149,93237.4303730348,643.369341616263,92915.7457022267,2102408.3449686,0.957407746153916,22.5489734815411
67,0.00766909040899253,0.00763979526868167,92594.0610314186,707.399669375854,92240.3611967306,2009492.59926637,0.955805090897499,21.7021758942457
68,0.00849909910241251,0.00846313459260271,91886.6613620427,777.649182371875,91497.8367708568,1917252.23806964,0.954097685539919,20.8654032005306
69,0.00942455495631789,0.00938035213421861,91109.0121796708,854.634616846125,90681.6948712478,1825754.40129878,0.952276578452202,20.039229463912
70,0.0104570800004638,0.0104026891242676,90254.3775628247,938.888231890341,89784.9334468795,1735072.70642753,0.950331931388614,19.224249873307
71,0.0116097890952729,0.0115427844487618,89315.4893309344,1030.94944128266,88800.014610293,1645287.77298065,0.94825292731868,18.4210799862999
72,0.0128974946161674,0.012814854855415,88284.5398896517,1131.35356466299,87718.8631073202,1556487.75837036,0.94602767001093,17.6303547633124
73,0.0143370005485372,0.0142349572535608,87153.1863249887,1240.62188184784,86532.8753840648,1468768.89526304,0.943643075484794,16.8527274468898
74,0.0159473947574659,0.0158212409698165,85912.5644431409,1359.24338438982,85232.942750946,1382236.01987898,0.94108475767485,16.0888692921485
75,0.0177503254826332,0.0175941743222244,84553.3210587511,1487.64587023067,83809.4981236357,1297003.07712803,0.938336910972405,15.3394693536262
76,0.0197703641000094,0.0195768434386539,83065.6751885204,1626.16371829174,82252.5933293745,1213193.57900439,0.935382190218688,14.6052334643763
77,0.0220354245037081,0.0217952902670996,81439.5114702287,1774.99779170442,80552.0125743765,1130940.98567502,0.932201591936486,13.8868832248392
78,0.024577246180741,0.0242788920275625,79664.5136785243,1934.16612602917,78697.4306155097,1050388.97310064,0.928774344908636,13.1851551537658
79,0.0274319511815607,0.0270607860999465,77730.3475524951,2103.44430859257,76678.6253981988,971691.542485134,0.92507782104452,12.5008001775485
80,0.0306406869074386,0.0301783443077789,75626.9032439025,2282.29472502557,74485.7558813897,895012.917086935,0.921087482965952,11.8345837089276
81,0.0342503607548335,0.0336736926934839,73344.6085188769,2469.78380798854,72109.7166148827,820527.161205545,0.916776892870078,11.1872866700811
82,0.0383133102263171,0.0375931511942716,70874.8247108884,2664.40800122393,69542.6207102764,748417.444590662,0.912117818855702,10.5597078743206
83,0.0428862478096878,0.0419859381359769,68210.4167096645,2863.87833620118,66778.4775415639,678874.823880386,0.907080438580221,9.95265615763639
84,0.04803226098387,0.0469057659870997,65346.5383734633,3065.1294370127,63813.9736549569,612096.346338822,0.901633592537923,9.36692840316373
85,0.0538216950444262,0.052411263523304,62281.4089364506,3264.24733637097,60649.2852682651,548282.372683865,0.895745213908477,8.80330715130915
86,0.0603328484290124,0.0585661180668121,59017.1616000796,3456.40605423839,57288.9585729604,487633.0874156,0.889383120286388,8.2625642134396
87,0.0676527044005325,0.0654391371012637,55560.7555458412,3635.8478996141,53742.8315960342,430344.12884264,0.882516260583166,7.74546934459122
88,0.075877694176657,0.0731042049245121,51924.9076462271,3795.92908925615,50026.943101599,376601.297246605,0.875116614834344,7.25280629890479
89,0.0851144846705016,0.0816401068586426,48128.978556971,3929.25495238843,46164.3510807768,326574.354145006,0.8671620531651,6.78539964770778
90,0.0954807817597382,0.0911301908286227,44199.7236045825,4027.92924665798,42185.7589812535,280410.00306423,0.858640611257923,6.34415738824116
91,0.105523748238331,0.100235153677675,40171.7943579246,4026.62598097451,38158.4813674373,238224.244082976,0.849556868441706,5.93013700011591
92,0.117456061801493,0.110940731116341,36145.16837695,4009.9714060621,34140.182673919,200065.762715539,0.839821167176644,5.53506240804017
93,0.130540732232326,0.122542348294415,32135.1969708879,3937.92249971619,30166.2357210299,165925.58004162,0.829355196958608,5.16335967045529
94,0.144843813244997,0.135062340997089,28197.2744711718,3808.38989981393,26293.0795212648,135759.34432059,0.818194182515661,4.8146264795694
95,0.160424895278862,0.148512355721724,24388.8845713578,3622.05070111756,22577.859220799,109466.264799325,0.806325821232793,4.48836700502005
96,0.177334488767877,0.162891360682233,20766.8338702403,3382.73782618531,19075.4649571476,86888.405578526,0.793745961258575,4.18399868373969
97,0.195611170544475,0.178183799726221,17384.0960440549,3097.56428793528,15835.3139000873,67812.9406213784,0.780460179581636,3.90086090467553
98,0.215278584944032,0.194358024681099,14286.5317561197,2776.70209166322,12898.1807102881,51977.6267212911,0.76648536761588,3.63822568056284
99,0.23634242772695,0.211365151236854,11509.8296644565,2432.77688773826,10293.4412205873,39079.4460110031,0.751851295953751,3.3953105432728
100,0.258787576796562,0.229138480709707,9077.05277671819,2079.90208257903,8037.10173542868,28786.0047904157,0.736602171440989,3.17129419631108
101,0.282575564255515,0.247593611953591,6997.15069413916,1732.44981374549,6130.92578726641,20748.9030549871,0.72079829090751,2.96533602918777
102,0.307642604097543,0.266629332940274,5264.70088039367,1403.72368386944,4562.83903845895,14617.9772677206,0.704518076400534,2.77660167212151
103,0.333898393019082,0.286129331094965,3860.97719652423,1104.73882261439,3308.60778521703,10055.1382292617,0.687861120940816,2.60429878692722
104,0.361225883450843,0.305964699084973,2756.23837390984,843.311644679777,2334.58255156995,6746.53044404466,0.670953525473317,2.44773112075732
105,0.389482184906175,0.325997144792664,1912.92672923006,623.608651926569,1601.12240326678,4411.94789247472,0.653958049854982,2.30638624316285
106,0.418500682214708,0.34608274894632,1289.31807730349,446.210744459376,1066.2127050738,2810.82548920794,0.637093990616311,2.18008693020621
107,0.44809437122791,0.366076060215894,843.107332844115,308.641410746704,688.786627470763,1744.61278413414,0.620676306954136,2.06926534282285
108,0.478060312350759,0.38583428334499,534.465922097411,206.215276024774,431.358284085024,1055.82615666338,0.605192261724362,1.97547890896389
109,0.508185001347554,0.405221306302785,328.250646072637,133.014155596287,261.743568274493,624.467872578351,0.591449519068363,1.90241170900899
110,0.538250368557599,1,195.23649047635,195.23649047635,362.724304303858,362.724304303858,0.580853427745151,1.85787146357149
