"Edad","Mx","qx","lx","dx","Lx","Tx","P_x1","e_0"
25,0.00125294757456536,0.00125216312718877,1e+05,125.216312718877,99937.3918436406,5036009.77283571,0.999373918436406,50.3600977283571
26,0.00128803165474954,0.00128720267585325,99874.7836872811,128.559088812533,99810.5041428749,4936072.38099207,0.980155441241853,49.422608978533
27,0.00132529671057584,0.0013244190864465,99746.2245984686,132.105803659191,99680.171696639,4836261.87684919,0.979779367797112,48.4856634556116
28,0.00136520071038194,0.00136426945956426,99614.1187948094,135.900500013165,99546.1685448028,4736581.70515255,0.979389004517353,47.5493008667699
29,0.00140825255544598,0.00140726166552765,99478.2182947962,139.991883161258,99408.2223532156,4637035.53660775,0.978983542406433,46.6135764802928
30,0.00145502046632938,0.00145396269359115,99338.226411635,144.434075250028,99266.00937401,4537627.31425453,0.978562117635627,45.6785618000833
31,0.00150614235952294,0.00150500898063434,99193.792336385,149.287548289437,99119.1485622402,4438361.30488052,0.978123807333807,44.7443453903768
32,0.00156233860964503,0.0015611191113141,99044.5047880955,154.620269295337,98967.1946534479,4339242.15631828,0.977667625109013,43.811033894329
33,0.001624427692464,0.00162310938055116,98889.8845188002,160.509099204086,98809.6299691981,4240274.96166484,0.977192516322385,42.878753295123
34,0.00169334533252944,0.00169191283617735,98729.3754195961,167.041497580187,98645.854670806,4141465.33169564,0.976697353152211,41.947650474791
35,0.00177014797230312,0.00176858264581095,98562.3339220159,174.315633305102,98475.1761053634,4042819.47702483,0.976180929509214,41.0178951345001
36,0.00185588171577819,0.00185416116387712,98388.0182887108,182.427242501759,98296.8046674599,3944344.30091947,0.975641955653723,40.0896813405179
37,0.00195166341266068,0.00194976077427739,98205.5910462091,191.477409236625,98109.8523415908,3846047.49625201,0.975079050618237,39.1632233488856
38,0.00205878276532387,0.00205666565142527,98014.1136369724,201.582260872055,97913.3225065364,3747937.64391042,0.974490733035097,38.2387546531527
39,0.00217873380970359,0.00217636295193081,97812.5313761004,212.875569521515,97706.0935913396,3650024.32140388,0.973875413144713,37.31653061272
40,0.00231325194924714,0.00231057947301223,97599.6558065789,225.51176127974,97486.899925939,3552318.22781254,0.97323138560519,36.3968315098617
41,0.00246435849280136,0.00246132569835721,97374.1440452992,239.669483094232,97254.309303752,3454831.3278866,0.972556822425797,35.4799660809279
42,0.00263441437888807,0.00263094887411603,97134.4745622049,255.555836487285,97006.6966439613,3357577.01858285,0.971849766291414,34.5662756062232
43,0.00282618517990259,0.00282219715401687,96878.9187257176,273.411408711952,96742.2130213617,3260570.32193889,0.971108124666369,33.6561386607769
44,0.00304290354685827,0.00303828094892036,96605.5073170057,293.514672442045,96458.7499807847,3163828.10891753,0.970329665221318,32.7499766502504
45,0.00328786990777794,0.00328247373447063,96311.9926445636,316.141586170308,96153.9218514785,3067369.35893674,0.969512013086644,31.8482597515844
46,0.0035642880637558,0.00355794728922856,95995.8510583933,341.548178050399,95825.0769693681,2971215.43708527,0.968652643161041,30.9514984692193
47,0.00387571289230092,0.00386821684335591,95654.3028803429,370.011585541211,95469.2970875723,2875390.3601159,0.967748862713445,30.0602301572656
48,0.00422610154445662,0.00421719040701045,95284.2912948017,401.831999187227,95083.3752952081,2779921.06302833,0.966797796079512,29.1750195677846
49,0.00461983735387977,0.00460919049866134,94882.4592956145,437.331329874967,94663.793630677,2684837.68773312,0.965796375818086,28.2964597214779
50,0.00506175091634932,0.00504897259551833,94445.1279657395,476.85086287924,94206.7025342999,2590173.89410244,0.964741334620267,27.4251721596697
51,0.0055571366844577,0.00554173858506434,93968.2771028603,520.747626992938,93707.9032893638,2495967.19156814,0.963629197735025,26.5618064789672
52,0.00611176308281083,0.00609314315910179,93447.5294758673,569.389174960844,93162.8348883869,2402259.28827878,0.962456276025612,25.7070390384066
53,0.00673187384953589,0.00670929079989352,92878.1403009065,623.146452232092,92566.5670747905,2309096.45339039,0.961218659724638,24.8615707195405
54,0.00742421094328231,0.00739675341446011,92254.9938486744,682.387440751179,91913.8001282988,2216529.8863156,0.95991221287492,24.0261236150681
55,0.00819606389644927,0.00816261324658376,91572.6064079232,747.471770089515,91198.8705228785,2124616.0861873,0.95853256899636,23.201437302362
56,0.00905519219214303,0.00901437872621372,90825.1346378337,818.732161484785,90415.7685570913,2033417.21566442,0.957075129424188,22.388265360384
57,0.0100097658738228,0.00995991765191365,90006.4024763489,896.456356809432,89558.1742979442,1943001.44710733,0.955535062917451,21.5873692720681
58,0.0110682939001262,0.0110073774557513,89109.9461195395,980.866811999431,88619.5127135398,1853443.27280939,0.953907304376291,20.7995106441095
59,0.0122395251015803,0.0121650777145553,88129.0793075401,1072.09709868844,87593.0307581958,1764823.76009585,0.95218655244883,20.0254419308889
60,0.0135323175237475,0.0134413710730897,87056.9822088516,1170.16520237254,86471.8996076654,1677230.72933765,0.950367264574091,19.2658955868001
61,0.0149554720336558,0.0148444690130661,85886.8170064791,1274.94419368356,85249.3449096373,1590758.82972999,0.948443646962148,18.5215715889201
62,0.0165175263976917,0.0163822294440442,84611.8728127955,1386.1311141095,83918.8072557408,1505509.48482035,0.946409635881696,17.793123290762
63,0.0182268610291054,0.0180622519510135,83225.741698686,1503.24431537163,82474.1195410002,1421590.67756461,0.944258865120498,17.081141586114
64,0.0200936775137802,0.0198938076361988,81722.4973833144,1625.77164249341,80909.6115620677,1339116.55802361,0.941984622688797,16.3861433619994
65,0.0221292819891715,0.0218871089858339,80096.725740821,1753.08576569779,79220.1828579721,1258206.94646154,0.939579858767872,15.7085940133543
66,0.0243453090882528,0.0240525259983611,78343.6399751232,1884.36243730789,77401.4587564692,1178986.76360357,0.93703723931841,15.0489148063319
67,0.0267536513165589,0.0264004964778822,76459.2775378153,2018.56288733851,75449.996094146,1101585.3048471,0.93434917070664,14.4074772914546
68,0.0293663761827348,0.0289414238132529,74440.7146504768,2154.42027166087,73363.5045146463,1026135.30875295,0.931507804468562,13.7845977644222
69,0.0321956282228598,0.0316855599684708,72286.2943788159,2290.4317154385,71141.0785210966,952771.804238306,0.928505038381533,13.1805318342273
70,0.0352535150298474,0.0346428734990593,69995.8626633774,2424.85781570491,68783.433755525,881630.725717209,0.925332510676079,12.5954691058974
71,0.0385519765557879,0.0378229027262017,67571.0048476725,2555.73154346522,66293.1390759399,812847.291961684,0.92198158282248,12.0295279579475
72,0.042102720301256,0.0412346743214219,65015.2733042073,2680.88362061723,63674.8314938987,746554.152885745,0.918443304503173,11.482750359175
73,0.0459187165186348,0.0448881142226126,62334.38968359,2798.07320411384,60935.3530815331,682879.321391846,0.914708355384846,10.9550975770862
74,0.0500145835911652,0.0487943685781502,59536.3164794762,2905.03697008496,58083.7979944337,621943.968310313,0.910767025486532,10.4464636895149
75,0.0544054832985046,0.0529646982942748,56631.2795093913,2999.45863323366,55131.5501927744,563860.170315879,0.906609275185617,9.95669134091122
76,0.0591070863509482,0.0574104054546235,53631.8208761576,3079.02458176995,52092.3085852726,508728.620123105,0.902224783563114,9.48557426938423
77,0.064135584862118,0.0621428023744886,50552.7962943877,3141.49242959991,48982.0500795877,456636.311537832,0.897602952684936,9.03285960441574
78,0.0695077069689582,0.0671731801093513,47411.3038647877,3184.76805372857,45818.9198379235,407654.261458244,0.892732906161954,8.59825037971605
79,0.0752407338941082,0.0725127766289763,44226.5358110592,3206.98891234076,42623.0413548888,361835.341620321,0.887603481258795,8.1814081746335
80,0.0813525197584022,0.078172744872498,41019.5468987184,3206.61057449898,39416.2416114689,319212.300265432,0.882203211095908,7.78195578448491
81,0.0878615242799118,0.0841641299081984,37812.9363242194,3182.49288500204,36221.6898817184,279796.058653963,0.876520292047977,7.39947980381391
82,0.0947882611110836,0.0904991333690285,34630.4434392174,3134.02511943433,33063.4308795002,243574.368772245,0.870542529955665,7.03353305884636
83,0.102157423670096,0.0971929338115336,31496.4183197831,3061.22930105505,29965.8036692555,210510.937892744,0.864257347576598,6.68364687550906
84,0.109996248537671,0.104262032327218,28435.189018728,2964.71059670116,26952.8337203774,180545.134223489,0.857652034762568,6.34935586693579
85,0.118334504069795,0.111724096305327,25470.4784220269,2845.66618416527,24047.6453299442,153592.300503111,0.850714150584564,6.03020869722985
86,0.127204802899764,0.119598077934349,22624.8122378616,2705.88405727379,21271.8702092247,129544.655173167,0.843431960774251,5.72577813292878
87,0.136642950182855,0.127904337195095,19918.9281805878,2547.71730657478,18645.0695273004,108272.784963943,0.835795076371234,5.43567324417892
88,0.146688332082113,0.136664768601818,17371.210874013,2374.03251443038,16184.1946167978,89627.7154366421,0.827795419379767,5.15955485698026
89,0.157384349713869,0.145902930773316,14997.1783595826,2188.13227599326,13903.112221586,73443.5208198443,0.819428682992166,4.89715592219497
90,0.168778904608111,0.155644177697873,12809.0460835894,1993.65344477443,11812.2193612022,59540.4085982583,0.810696545231129,4.6483093440143
91,0.180675213614917,0.165705752499852,10815.392638815,1792.17277579619,9919.30625091686,47728.1892370561,0.801610038639411,4.41298719620832
92,0.19326043843612,0.176231180802151,9023.21986301876,1590.17269109722,8228.13351747015,37808.8829861393,0.79217090760243,4.19017640710465
93,0.206501359424623,0.187175374755691,7433.04717192154,1391.28338998114,6737.40547693097,29580.7494686691,0.782375651761873,3.97962622656437
94,0.220401618361041,0.198524101710687,6041.7637819404,1199.43572755788,5442.04591816146,22843.3439917381,0.772236823003183,3.7809065061464
95,0.234960489119726,0.210259188261775,4842.32805438252,1018.14396601169,4333.25607137667,17401.2980735767,0.761766669532722,3.59358099619619
96,0.250172452655719,0.222358470667844,3824.18408837083,850.339725442442,3399.01422564961,13068.0420022,0.750980872055942,3.41721049515878
97,0.266026813104943,0.2347958210966,2973.84436292839,698.246229007265,2624.72124842476,9669.0277765504,0.739898737310656,3.25135635781194
98,0.282507370737119,0.24754125604062,2275.59813392112,563.304420314525,1993.94592376386,7044.30652812564,0.728543416248084,3.09558459515322
99,0.299592167765741,0.260561130765045,1712.2937136066,446.157186219214,1489.21512049699,5050.36060436178,0.716942197815686,2.94947097231597
100,0.317253322571431,0.273818420697637,1266.13652738738,346.691504316804,1092.79077522898,3561.14548386479,0.705126972673829,2.81260780874323
101,0.335456966635496,0.287273087389627,919.44502307058,264.131810462513,787.379117839324,2468.35470863581,0.693135037537693,2.68461370359316
102,0.35416329635215,0.300882523231024,655.313212608068,197.172292916144,556.727066149996,1680.97559079649,0.681010547193808,2.56514832671602
103,0.373326748887891,0.314602065697719,458.140919691924,144.132079715732,386.074879834058,1124.24852464649,0.668807168171785,2.45393606273478
104,0.392896307447233,0.328385568755697,314.008839976192,103.115971509898,262.450854221243,738.173644812432,0.656592940644102,2.35080529856548
105,0.412815936817704,0.342186016362419,210.892868466294,72.1645905397245,174.810573196431,475.72279059119,0.64445919186409,2.25575570217645
106,0.433025145105304,0.355956160976349,138.728277926569,49.3811852296014,114.037685311768,300.912217394758,0.632536896163434,2.16907628273189
107,0.453459662395869,0.369649168760373,89.3470926969676,33.02707854659,72.8335534236726,186.87453208299,0.62102673564043,2.09155694317665
108,0.474052221992712,0.383219252834436,56.3200141503776,21.5829137423326,45.5285572792113,114.040978659317,0.610254256629643,2.02487482255991
109,0.494733425211291,0.396622276521901,34.737100408045,13.7775078436087,27.8483464862407,68.5124213801062,0.600770198445754,1.97231261605931
110,0.515432666773842,1,20.9595925644363,20.9595925644363,40.6640748938655,40.6640748938655,0.593528502930318,1.940117622461
