"Edad","Mx","qx","lx","dx","Lx","Tx","P_x1","e_0"
25,0.00175601038562623,0.00175446995189783,1e+05,175.446995189783,99912.2765024051,4858835.30116597,0.999122765024051,48.5883530116597
26,0.00177292893186171,0.00177135868533074,99824.5530048102,176.82508897433,99736.140460323,4758923.02466356,0.979436990490616,47.6728708660909
27,0.00179407118263284,0.00179246327927521,99647.7279158359,178.614893152343,99558.4204692597,4659186.88420324,0.979042287521057,46.756579218128
28,0.00182014469195524,0.00181848973473622,99469.1130226835,180.883560955067,99378.671242206,4559628.46373398,0.978631803586414,45.8396413235753
29,0.00185192698646773,0.00185021375607493,99288.2294617285,183.704447966414,99196.3772377453,4460249.79249178,0.978204655920403,44.9222412029315
30,0.00189028511555994,0.00188850021363765,99104.525013762,187.158916660948,99010.9455554316,4361053.41525403,0.977759905419484,44.0045841968209
31,0.0019361993956768,0.00193432677451088,98917.3660971011,191.338509705717,98821.6968422482,4262042.4696986,0.977296552890384,43.0868980631249
32,0.00199079233938494,0.00198881268285818,98726.0275873954,196.347575794019,98627.8537994984,4163220.77285635,0.9768135354012,42.169434693105
33,0.00205536407044417,0.00205325397821701,98529.6800116014,202.306457456269,98428.5267828732,4064592.91905685,0.976309722885094,41.2524725400333
34,0.00213143593035783,0.00212916683900664,98327.3735541451,209.355383138104,98222.695862576,3966164.39227398,0.975783915205532,40.336319876275
35,0.00222071744442348,0.00221825438631754,98118.018171007,217.650724184621,98009.1928089147,3867941.6964114,0.975234839974381,39.4213190249123
36,0.00232447877214206,0.00232178030762273,97900.3674468224,227.303145247062,97786.7158741988,3769932.50360249,0.974661150425342,38.5078483556279
37,0.00244383220659923,0.00244084969305355,97673.0643015753,238.4052690201,97553.8616670652,3672145.78772829,0.974061414685606,37.5962995938182
38,0.00258007560922594,0.00257675150237478,97434.6590325552,251.064904045511,97309.1265805324,3574591.92606122,0.973434098942075,36.6870676364441
39,0.00273470486059637,0.00273097066122567,97183.5941285097,265.405544317423,97050.891356351,3477282.79948069,0.972777556545383,35.7805536074591
40,0.00290942524284547,0.00290519901317327,96918.1885841922,281.566625833336,96777.4052712756,3380231.90812434,0.97209002058422,34.877167614291
41,0.00310616401219382,0.00310134736540595,96636.6219583589,299.703732912287,96486.7700919028,3283454.50285307,0.971369595962137,33.9773311226454
42,0.00332708377504348,0.00332155822380634,96336.9182254466,319.988682987891,96176.9238839527,3186967.73276116,0.970614250933563,33.0814789539256
43,0.00357459621549401,0.00356821874488325,96016.9295424587,342.609407819536,95845.624838549,3090790.80887721,0.969821808079423,32.1900608945265
44,0.00385137397292976,0.00384397168667639,95674.3201346392,367.769377739566,95490.4354457694,2994945.18403866,0.968989934691385,31.303542892429
45,0.00416031332225209,0.00415167718330439,95306.5507568996,395.682032196862,95108.7097408012,2899454.74859289,0.968116132490612,30.4224077523127
46,0.00450451727313267,0.00449439473377738,94910.8687247028,426.56690857454,94697.5852704155,2804346.03885209,0.967197725783802,29.5471538353141
47,0.00488733654916756,0.00487542263355276,94484.3018161282,460.650903589782,94253.9763643334,2709648.45358167,0.966231847297569,28.6782925999157
48,0.00531236506544746,0.00529829183522147,94023.6509125385,498.164741947616,93774.5685415647,2615394.47721734,0.965215422598549,27.8163467577982
49,0.00578342566571184,0.00576674988107686,93525.4861705908,539.33808625191,93255.8171274649,2521619.90867578,0.964145153108476,26.9618476409343
50,0.00630454701370199,0.00628473580751839,92986.1480843389,584.393374468852,92693.9513971045,2428364.09154831,0.963017496488423,26.1153316012808
51,0.00687992976818571,0.0068563441849562,92401.7547098701,633.538233584767,92084.9855930777,2335670.14015121,0.961828643521901,25.277335343738
52,0.00751390004397547,0.00748577635632897,91768.2164762853,686.956345160655,91424.738303705,2243585.15455813,0.960574490374263,24.4483900930767
53,0.00821084931710501,0.00817727811788002,91081.2601311247,744.796795419184,90708.8617334151,2152160.41625442,0.95925060472166,23.6290144993172
54,0.00897573463555756,0.0089356327015924,90336.4633357055,807.213455928733,89932.8566077411,2061451.55452101,0.95785218376459,22.8197062227277
55,0.00981523668610022,0.00976730249322236,89529.2498797767,874.459265567071,89092.0202469932,1971518.69791327,0.956374014023998,22.0209451163804
56,0.0107369583416931,0.0106796249973425,88654.7906142097,946.799917977675,88181.3906552208,1882426.67766628,0.954810461426873,21.233220050768
57,0.0117493095866909,0.0116806895677322,87707.990696232,1024.48981193223,87195.7457902659,1794245.28701105,0.953155471232195,20.4570333075494
58,0.0128615965790204,0.0127794147405659,86683.5008842997,1107.76440896468,86129.6186798174,1707049.54122079,0.951402549906919,19.6929003075137
59,0.0140841209061124,0.0139856332314224,85575.7364753351,1196.8308638529,84977.3210434086,1620919.92254097,0.949544745714748,18.9413493742839
60,0.0154282902424499,0.0153101852515863,84378.9056114822,1291.85667623791,83732.9772733632,1535942.60149756,0.947574633477145,18.2029215757991
61,0.0169067417645061,0.0167650208256184,83087.0489352443,1392.95610573855,82390.570882375,1452209.6242242,0.945484305734002,17.4781706996961
62,0.0185334798454338,0.0183633118107637,81694.0928295057,1500.17409972569,80944.0057796429,1369819.05334182,0.943265373326258,16.7676634368242
63,0.0203238663777336,0.0201194142344837,80193.91872978,1613.45467001096,79387.1913947746,1288875.04756218,0.940908979487348,16.071979870508
64,0.0222937540202224,0.0220479878117642,78580.4640597691,1732.54111383257,77714.1935028528,1209487.85616741,0.938405827977716,15.3917118031711
65,0.0244598684414294,0.024164340150897,76847.9229459365,1856.97934995553,75919.4332709587,1131773.66266455,0.935746197775717,14.7274463548061
66,0.0268401890659747,0.0264847610687485,74990.943595981,1986.11722345955,73997.8849842512,1055854.2293936,0.932919950538326,14.0797565514322
67,0.0294539856593514,0.029026512419085,73004.8263725214,2119.07549935514,71945.2886228439,981856.344409344,0.929916570939201,13.4491977201511
68,0.032321843420092,0.0318078000536561,70885.7508731663,2254.71979042695,69758.3909779528,909911.055786501,0.926725239356554,12.8363041172347
69,0.0354656748455397,0.0348477257895602,68631.0310827393,2391.63535182608,67435.2134068263,840152.664808548,0.923334934184687,12.2415859350224
70,0.03890871548752,0.0381662162626213,66239.3957309133,2528.10710257139,64975.3421796276,772717.451401722,0.919734571785006,11.6655268798158
71,0.042675500429595,0.0417839254650285,63711.2886283419,2662.10773532755,62380.2347606781,707742.109222094,0.915913194322503,11.1085825519978
72,0.046791658588593,0.0457219555221944,61049.1808930143,2791.2879334568,59653.5369262859,645361.874461416,0.911860218647662,10.5711799080872
73,0.0512806355356599,0.0499986541551578,58257.8929595575,2912.81624189312,56801.484838611,585708.33753513,0.907565756071244,10.0537164627929
74,0.0561623913450486,0.0546283616327694,55345.0767176644,3023.41086552594,53833.3712849014,528906.852696519,0.903020870289039,9.55652939817335
75,0.0614548597441426,0.0596228042090333,52321.6658521385,3119.56443899251,50761.8836326422,475073.481411618,0.898217671012498,9.07986153870139
76,0.0671732769061792,0.0649904656340311,49202.1014131459,3197.66748101317,47603.2676726394,424311.597778975,0.893149406104904,8.62385112814728
77,0.0733293297541006,0.070735824455633,46004.4339321328,3254.16156280411,44377.3531507307,376708.330106336,0.887810590326037,8.18852223379313
78,0.0799302162809803,0.0768585557874144,42750.2723693287,3285.72419382521,41107.410272416,332330.976955605,0.882197048474601,7.77377449398516
79,0.0869776295921796,0.0833527186481401,39464.5481755034,3289.47738064871,37819.8094851791,291223.566683189,0.876305812208691,7.37937161697846
80,0.0944666835351832,0.0902059548407195,36175.0707948547,3263.2068024805,34543.4673936145,253403.75719801,0.870134790546255,7.00492774803505
81,0.10238487165853,0.0973987903344841,32911.8639923742,3205.57574051031,31309.0761221191,218860.289804396,0.863682102524541,6.6498904423981
82,0.110720682486085,0.104912680682765,29706.2882518639,3116.56633363796,28148.005085045,187551.213682277,0.856944920661024,6.31351894562286
83,0.119476925786466,0.112741898090853,26589.721918226,2997.77571876874,25090.8340588416,159403.208597232,0.849918299474567,5.99491822770695
84,0.128658134951807,0.120881914140449,23591.9461994572,2851.83961488889,22166.0263920128,134312.37453839,0.842595175594995,5.69314516923916
85,0.138268736991798,0.129327745011434,20740.1065845683,2682.27121587902,19398.9709766288,112146.348146377,0.834966610722252,5.40722139922944
86,0.148313224740587,0.138074116039104,18057.8353686893,2493.31965611145,16811.1755406336,92747.3771697485,0.827020930264188,5.13612929103143
87,0.158796345246111,0.147115632834748,15564.5157125779,2289.78357882227,14419.6239231667,75936.2016291149,0.818742307829737,4.8788027222556
88,0.169723303470654,0.156446956346154,13274.7321337556,2076.79143863656,12236.3364144373,61516.5777059482,0.810108701596709,4.63411066122539
89,0.181099980503716,0.166062979343012,11197.9406951191,1859.56339433783,10268.1589979501,49280.2412915109,0.801088797999662,4.40083070925631
90,0.192933165613637,0.175959001978658,9338.37730078122,1643.17154994562,8516.79152580842,39012.0822935607,0.791637404183754,4.17760827572228
91,0.207614196868358,0.188089202509091,7695.20575083561,1447.38511281804,6971.51319442659,30495.2907677523,0.781688363576169,3.96289478867292
92,0.221564214607291,0.19946685596613,6247.82063801757,1246.23313930567,5624.70406836474,23523.7775733257,0.771390499355438,3.7651173002927
93,0.236172189177982,0.211228983457485,5001.5874987119,1056.48024302658,4473.34737719861,17899.073504961,0.760892822131478,3.57867847149943
94,0.251432199139229,0.223353116505447,3945.10725568532,881.152000505568,3504.53125543254,13425.7261277624,0.750079389530482,3.4031333643501
95,0.267333123483407,0.235812832895672,3063.95525517976,722.519968589519,2702.695270885,9921.19487232983,0.738968959884732,3.23803516893976
96,0.283858320377429,0.248577871792431,2341.43528659024,582.029000480303,2050.42078635009,7218.49960144484,0.727583692724069,3.08293790684129
97,0.300985379915444,0.261614334921593,1759.40628610993,460.285905397521,1529.26333341117,5168.07881509475,0.715949172326659,2.93739931242455
98,0.318685966337061,0.27488497447587,1299.12038071241,357.108672693215,1120.56604436581,3638.81548168358,0.704094425002855,2.80098406253015
99,0.336925763839961,0.288349565102432,942.011708019199,271.628666328735,806.197374854831,2518.24943731777,0.692051974054108,2.67326766310897
100,0.355664537921846,0.301965353891697,670.383041690464,202.432452427053,569.166815476937,1712.05206246294,0.679858014496957,2.55384154429945
101,0.37485632112596,0.315687578900129,467.95058926341,147.726188569455,394.087494978683,1142.885246986,0.667552857792105,2.44232035007155
102,0.394449728204453,0.329470043624797,320.224400693956,105.504347266362,267.472227060775,748.797752007319,0.655181921353903,2.33835319977055
103,0.414388401192241,0.343265732214099,214.720053427594,73.7060363608733,177.867035247157,481.325524946544,0.642797769699821,2.24164216272819
104,0.434611579906924,0.357027448233479,141.01401706672,50.3458746784834,115.841079727479,303.458489699387,0.630464153616389,2.15197393856106
105,0.455054788222378,0.370708458650625,90.668142388237,33.6114473134588,73.8624187315076,187.617409971909,0.61826383620958,2.06927598856652
106,0.47565062141138,0.384263124447026,57.0566950747782,21.9247839200555,46.0943031147504,113.754991240401,0.606313621200896,1.99371854768865
107,0.496329615240018,0.397647499921437,35.1319111547227,13.9701166381375,28.1468528356539,67.6606881256506,0.594793137319678,1.92590399729948
108,0.517021173637435,0.410819884276357,21.1617945165852,8.69368597438355,16.8149515293934,39.5138352899967,0.583999902818262,1.86722516651546
109,0.537654528932469,0.423741311358601,12.4681085422016,5.28325266383389,9.82648221028466,22.6988837606033,0.574454076502914,1.82055551439683
110,0.558159707050924,1,7.18485587836772,7.18485587836772,12.8724015503187,12.8724015503187,0.567094033613242,1.79160191494934
