"Edad","Mx","qx","lx","dx","Lx","Tx","P_x1","e_0"
25,0.00130408765828756,0.00130323789006344,1e+05,130.323789006344,99934.8381054968,5541080.32437926,0.999348381054968,55.4108032437926
26,0.00133660207274732,0.00133570941675981,99869.6762109937,133.396866963777,99802.9777775118,5441145.48627376,0.981964737514125,54.4824584669556
27,0.00137027249906775,0.00136933431848843,99736.2793440299,136.572310104128,99667.9931889778,5341342.50849625,0.981657726662652,53.5546597850502
28,0.0014053717348521,0.00140438489343506,99599.7070339257,139.876323949003,99529.7688719512,5241674.51530727,0.981340272968745,52.6274089694044
29,0.00144219818592288,0.0014411589674986,99459.8307099767,143.337426933576,99388.16199651,5142144.74643532,0.981011837232302,51.7007188704125
30,0.00148107867260804,0.00147998268721111,99316.4932830432,146.986690613422,99242.9999377365,5042756.58443881,0.980671846690934,50.7746137398086
31,0.00152237190324144,0.00152121397653309,99169.5065924297,150.858039474295,99094.0775726926,4943513.58450108,0.980319692557839,49.849129579903
32,0.00156647272051651,0.00156524676233947,99018.6485529554,154.988619058743,98941.1542434261,4844419.50692839,0.9799547273657,48.9243145379587
33,0.00161381724651019,0.00161251609336931,98863.6599338967,159.419242692799,98783.9503125503,4745478.35268496,0.979576262109026,48.0002293649449
34,0.00166488907759823,0.00166350430252632,98704.2406912039,164.194929067411,98622.1432266702,4646694.40237241,0.979183563179324,47.0769479592025
35,0.00172022744195185,0.00171874912224888,98540.0457621365,169.365617160037,98455.3629535565,4548072.25914574,0.978775849090416,46.1545580171966
36,0.00178044179877463,0.00177885822200835,98370.6801449765,174.987493180445,98283.1863983862,4449616.89619218,0.97835228700345,45.2331618489822
37,0.00184622035541159,0.00184451766238448,98195.692651796,181.123689466316,98105.1308070628,4351333.7097938,0.977911989123717,44.3128776047613
38,0.00191834024624219,0.00191650199478789,98014.5689623297,187.84511693458,97920.6464038624,4253228.57898673,0.977454008965975,43.3938405689606
39,0.00199768311066664,0.00199568973282993,97826.7238453951,195.231788374644,97729.1079512078,4155307.93258287,0.976977337430759,42.4762045507105
40,0.00208525379524649,0.00208308191800883,97631.4920570205,203.374395732202,97529.8048591544,4057578.82463166,0.976480898759659,41.5601435473493
41,0.00218220281621901,0.00217982440673939,97428.1176612883,212.376188780753,97321.9295668979,3960049.01977251,0.975963546470842,40.6458537312579
42,0.00228985340088387,0.00228723468482304,97215.7414725075,222.355215806709,97104.5638646042,3862727.09020561,0.975424059378818,39.7335558182003
43,0.00240973412880033,0.00240683421352698,96993.3862567008,233.447000528465,96876.6627564366,3765622.52634101,0.974861137844601,38.8234978864949
44,0.0025436058848074,0.00254037502837151,96759.9392561724,245.806533433124,96637.0359894558,3668745.86358457,0.974273400459347,37.9159587303124
45,0.00269314040054116,0.00268951877470608,96514.1327227392,259.576571982281,96384.3444367481,3572108.82759511,0.973659381275585,37.0112513765925
46,0.00285981146827793,0.00285572804636928,96254.556150757,274.876835590543,96117.1177329617,3475724.48315837,0.973017522956702,36.1097138894348
47,0.00304524456031391,0.00304061485239428,95979.6793151664,291.837238453735,95833.7606959395,3379607.3654254,0.97234616316722,35.2116967835229
48,0.0032512505786186,0.0032459738414535,95687.8420767127,310.600232326143,95532.5419605496,3283773.60472947,0.971643522358143,34.3175635844821
49,0.00347984045057429,0.00347379632209494,95377.2418443865,331.32111193059,95211.5812884212,3188241.06276892,0.970907695395639,33.4276919851668
50,0.00373324055158881,0.00372628499246848,95045.9207324559,354.168188020699,94868.8366384456,3093029.48148049,0.970136642928207,32.5424748126439
51,0.00401390878850275,0.00400586919172562,94691.7525444352,379.322774228259,94502.0911573211,2998160.64484205,0.96932818222184,31.6623207859114
52,0.00432455112865133,0.00431522043295447,94312.429770207,406.978924025981,94108.940308194,2903658.55368473,0.968479977442203,30.7876550393147
53,0.00466813799548383,0.00465726761153755,93905.450846181,437.34281477275,93686.7794387946,2809549.61337653,0.967589529358137,29.9189193817794
54,0.00504777916718685,0.00503507120342388,93468.1080314082,470.618579187456,93232.7987418145,2715862.83393774,0.966654164428084,29.05657224842
55,0.00546644192981098,0.00545154166184976,92997.4894522208,506.979688196215,92743.9996081227,2622630.03519592,0.96567102079797,28.2010842512405
56,0.00592714665551207,0.00590963302470324,92490.5097640246,546.584970973117,92217.217278538,2529886.0355878,0.964637025290075,27.3529256357482
57,0.00643297643819315,0.0064123511861462,91943.9247930514,589.576735205661,91649.1364254486,2437668.81830926,0.963548865055057,26.512559952123
58,0.00698702686308158,0.00696270256813996,91354.3480578458,636.073153833115,91036.3114809292,2346019.68188382,0.96240295821275,25.6804381155269
59,0.00759234336961766,0.00756363052956696,90718.2749040127,686.159513653639,90375.1951471858,2254983.37040289,0.961195418698351,24.8569913039996
60,0.00825184490071583,0.00821793832448718,90032.115390359,739.878371501083,89662.1762046085,2164608.1752557,0.959922012581832,24.0426226338284
61,0.00896823273756224,0.00892819766029002,89292.237018858,797.218741633829,88893.627648041,2074945.99905109,0.958578103312385,23.237697568411
62,0.00974388374367249,0.00969664226619958,88495.0182772241,858.104534575036,88065.9660099366,1986052.37140305,0.957158582590249,22.4425330382038
63,0.0105811645575211,0.0105254786467173,87636.9137426491,922.420464262462,87175.7035105179,1897986.40539311,0.955657782605339,21.6573852767872
64,0.0114850168656419,0.0114194406315173,86714.4932783866,990.231007884642,86219.3777744443,1810810.7018826,0.954069374120484,20.8824457529747
65,0.012462116900194,0.0123849455803814,85724.262270502,1061.69032313851,85193.4171089327,1724591.32410815,0.952386310902179,20.1178905298272
66,0.0135200825621375,0.0134292999401661,84662.5719473635,1136.95907238704,84094.09241117,1639397.90699922,0.950600808482561,19.3639038986256
67,0.0146676159636535,0.0145608296350539,83525.6128749764,1216.202219236,82917.5117653584,1555303.81458805,0.948704282192785,18.6206812623581
68,0.0159146724932983,0.0157890338420078,82309.4106557404,1299.5860703592,81659.6176205608,1472386.30282269,0.946687257507099,17.8884320892656
69,0.0172726587951377,0.0171247636950121,81009.8245853812,1387.27410299903,80316.1875338817,1390726.68520213,0.944539271070362,17.1673829973099
70,0.0187546653813609,0.0185804305029982,79622.5504823822,1479.42126570937,78882.8398495275,1310410.49766825,0.942248762184204,16.4577809895477
71,0.0203757408299372,0.0201702489474232,78143.1292166728,1576.16636983095,77355.0460317574,1231527.65781872,0.939802954883304,15.7598968733896
72,0.0221532079572755,0.0219105138721453,76566.9628468419,1677.62150160376,75728.15209604,1154172.61178696,0.937187731399579,15.0740289136931
73,0.0241068875501677,0.0238197772048935,74889.3413452381,1783.84742586479,73997.4176323057,1078444.45969092,0.934387498609248,14.4005066718282
74,0.0262595006160415,0.0259191881474785,73105.4939193733,1894.83505151059,72158.076393618,1004447.04205862,0.931385045407426,13.7396929862262
75,0.0286372950584944,0.0282330361649678,71210.6588678627,2010.49310714755,70205.412314289,932288.965665,0.928161392913528,13.0919862347425
76,0.0312706669633858,0.030789266513786,69200.1657607152,2130.62234640483,68134.8545875128,862083.553350711,0.92469565242123,12.4578249759065
77,0.0341948986477901,0.0336200810163478,67069.5434143104,2254.88348331857,65942.1016726511,793948.698763198,0.920964906101399,11.8376935095371
78,0.0374510442524264,0.0367626445386989,64814.6599309918,2382.7583039397,63623.2807790219,728006.597090547,0.916944127781335,11.2321286243831
79,0.0410869955181172,0.0402599160235084,62431.9016270521,2513.50311669305,61175.1500687056,664383.316311525,0.912606175502681,10.6417280107906
80,0.0451587682557274,0.0441616259399189,59918.398510359,2646.09390193347,58595.3515593923,603208.166242819,0.907921905070806,10.067161026317
81,0.0497320245714667,0.0485253915880678,57272.3046084256,2779.16100827495,55882.7241042881,544612.814683427,0.902860480281023,9.50918281369992
82,0.0548787187981759,0.05341309761607,54493.1436001506,2910.64759852137,53037.8198008899,488730.090579139,0.897389994143323,8.9686529036616
83,0.0606707859795585,0.0588845014859742,51582.4960016292,3037.4095624582,50063.7912204001,435692.270778249,0.891478300961496,8.44651392527589
84,0.0671873091618324,0.0650036006549154,48545.086439171,3155.60541265022,46967.2837328459,385628.479557849,0.885093689794004,7.94371805354713
85,0.0745162481743461,0.0718396380263816,45389.4810265208,3260.76388715057,43759.0990829455,338661.195825003,0.878205873729302,7.46122643762164
86,0.082755135589775,0.079466985029271,42128.7171393703,3347.84213421673,40454.7960722619,294902.096742058,0.870787974464139,7.0000255589664
87,0.0920117533597769,0.0879648531725558,38780.8750051535,3411.35397573157,37075.1980172877,254447.300669796,0.862819571243515,6.56115419355501
88,0.102404766753724,0.097416794684922,35369.521029422,3445.58536822723,33646.7283453083,217372.102652508,0.854291250409446,6.14574629019398
89,0.114064286721017,0.107909950929576,31923.9356611947,3444.91033067846,30201.4804958555,183725.3743072,0.845211377473327,5.75509787568353
90,0.127132325676511,0.119534007491591,28479.0253305163,3404.21202721115,26776.9193169107,153523.893811344,0.835616171093728,5.39077064715546
91,0.137987870064395,0.12908199526898,25074.8133033051,3236.7069321878,23456.4598372112,126746.974494433,0.825584678370553,5.05475247058876
92,0.151924683384189,0.141198885404546,21838.1063711173,3083.51627894769,20296.3482316435,103290.514657222,0.814934755399298,4.72982926733209
93,0.166996422056307,0.154127086096285,18754.5900921696,2890.59032183637,17309.2949312515,82994.1664255787,0.803502303197941,4.4252722143061
94,0.183240296271628,0.167860859461555,15863.9997703333,2662.94463594606,14532.5274523602,65684.8714943272,0.79143961947286,4.14049876735136
95,0.200683565199308,0.182382936259291,13201.0551343872,2407.64719713033,11997.231535822,51152.344041967,0.778753811619844,3.87486784361055
96,0.219341394180947,0.197663500312349,10793.4079372569,2133.46279317728,9726.67654066824,39155.1125061449,0.765460767037789,3.62768763431878
97,0.239214733222773,0.213659484884226,8659.94514407959,1850.2794186097,7734.80543477474,29428.4359654767,0.751586040286776,3.39822429309446
98,0.260288324209006,0.230314266919991,6809.6657254699,1568.36316953179,6025.484140704,21693.630530702,0.737165595757496,3.18571151731607
99,0.282528960674414,0.247557832160812,5241.30255593811,1297.52549844696,4592.53980671463,15668.146389998,0.722246392452549,2.98936117935928
100,0.305884133860615,0.265307462217097,3943.77705749115,1046.31348267299,3420.62031615465,11075.6065832833,0.706886845935627,2.80837542838416
101,0.330281199253691,0.283468964483315,2897.46357481816,821.340999181828,2486.79307522725,7654.98626712867,0.6911572932432,2.64196117378597
102,0.35562718640959,0.301938429358706,2076.12257563633,626.861189643786,1762.69198081444,5168.19319190143,0.675140752909538,2.4893487757183
103,0.381809350142584,0.320604459899133,1449.26138599255,464.639663908809,1216.94155403814,3405.50121108699,0.658934580159159,2.34981849651275
104,0.40869652310077,0.339350780956536,984.621722083737,334.132150335886,817.555646915794,2188.55965704885,0.642654200187551,2.22274159503331
105,0.436141280272529,0.358059102568746,650.489571747852,232.913712290364,534.03271560267,1371.00401013305,0.626441233035327,2.10764948383291
106,0.463982868921003,0.376612089940531,417.575859457488,157.264117138998,338.943800887989,836.971294530382,0.610480559024154,2.00435747319725
107,0.492050798389691,0.39489628277854,260.31174231849,102.796139405177,208.913672615901,498.027493642393,0.59503533382448,1.91319642059427
108,0.520168929754041,0.412804811306683,157.515602913313,65.0231987384885,125.004003544069,289.113821026492,0.580517792124322,1.83546147606471
109,0.548159862060521,0.430239774373702,92.4924041748244,39.7939111034577,72.5954486230956,164.109817482423,0.567630481655132,1.77430588972724
110,0.575849385492378,1,52.6984930713667,52.6984930713667,91.5143688593278,91.5143688593278,0.557641037344577,1.73656519429113
