"Edad","Mx","qx","lx","dx","Lx","Tx","P_x1","e_0"
25,0.000310902815206456,0.000310854492438047,1e+05,31.0854492438047,99984.4572753781,5780735.75646404,0.999844572753781,57.8073575646404
26,0.000332606191554683,0.000332550887312619,99968.9145507562,33.2447512375334,99952.2921751374,5680751.29918866,0.98270385267765,56.8251773535506
27,0.000355919101961141,0.000355855774027382,99935.6697995187,35.5626851294525,99917.8884569539,5580799.00701352,0.982405092757817,55.8439145723363
28,0.000381007213364645,0.000380934643941064,99900.1071143892,38.055411733294,99881.0794085225,5480881.11855657,0.982096132053603,54.8636160347733
29,0.000408057790331402,0.000407974551734356,99862.0517026559,40.7411757786641,99841.6811147666,5381000.03914805,0.981776455783659,53.8843329112668
30,0.000437282769038629,0.0004371871818279,99821.3105268772,43.6405974356132,99799.4902281594,5281158.35803328,0.981445515631222,52.9061212496435
31,0.000468922327417799,0.000468812409114797,99777.6699294416,46.7770098154826,99754.2814245339,5181358.86780512,0.981102727193107,51.9290425550041
32,0.000503249041779933,0.000503122443836054,99730.8929196261,50.1768505716741,99705.8044943403,5081604.58638059,0.980747467224406,50.9531644369803
33,0.000540572738033444,0.000540426668071611,99680.7160690545,53.8701172561914,99653.7810104264,4981898.78188625,0.980379070665678,49.9785613341201
34,0.000581246167199754,0.000581077292725132,99626.8459517983,57.8908979284148,99597.9005028341,4882245.00087582,0.97999682744002,49.0053153267339
35,0.0006256661081743,0.000625470440346205,99568.9550538699,62.2774381623555,99537.8163347887,4782647.10037299,0.979599979008639,48.0335170514286
36,0.000674234753767478,0.000674007534115577,99506.6776157075,67.0682504077967,99473.1434905036,4683109.2840382,0.97918771461791,47.0632664686511
37,0.000727375787491497,0.000727111345897589,99439.6093652997,72.3036682011335,99403.4575311992,4583636.1405477,0.978759166729347,46.0946716283782
38,0.000785559078982848,0.000785250648594707,99367.3056970986,78.0282412477552,99328.2915764747,4484232.6830165,0.978313405671131,45.1278481544602
39,0.000849306162497671,0.000848945655109416,99289.2774558508,84.2912006950978,99247.1318555033,4384904.39144002,0.977849434095454,44.1629197411551
40,0.000919196187525801,0.00091877392078321,99204.9862551557,91.1469541828939,99159.4127780643,4285657.25958452,0.977366181107791,43.2000186821435
41,0.000995872579262499,0.000995376944959741,99113.8393009728,98.655630566633,99064.5114856895,4186497.84680645,0.976862495815245,42.2392864239027
42,0.00108005049569239,0.00107946755595794,99015.1836704062,106.88367831942,98961.7418312465,4087433.33532076,0.976337140227778,41.2808741427647
43,0.00117252517881052,0.00117183817392831,98908.2999920868,115.904521649081,98850.3477312622,3988471.59348952,0.975788781439911,40.3249433445789
44,0.00127418122270169,0.00127336997064861,98792.3954704377,125.799269720497,98729.4958355775,3889621.24575826,0.975215983011483,39.3716664854247
45,0.00138600041830755,0.00138504058489253,98666.5962007172,136.657240111197,98598.2675806616,3790891.74992268,0.974617195454893,38.4212276078814
46,0.00150907194419406,0.00150793415363159,98529.938960606,148.576660113934,98455.650630549,3692293.48234202,0.973990745691255,37.4738228937527
47,0.00164460719996917,0.00164325594469015,98381.3623004921,161.665758446999,98300.5294212686,3593837.83171147,0.973334825332438,36.5296611845503
48,0.00179395408543898,0.00179234639187287,98219.6965420451,176.043718707983,98131.6746826911,3495537.3022902,0.972647477703674,35.5889645901508
49,0.00195861280409102,0.00195669659858516,98043.6528233371,191.841681992289,97947.731982341,3397405.62760751,0.971926583470187,34.6519690951257
50,0.00214025352091996,0.0021379656266899,97851.8111413448,209.203808729547,97747.20923698,3299457.89562517,0.97116984466429,33.7189251495731
51,0.00234073609209792,0.00233799977187325,97642.6073326153,228.288393668763,97528.4631357809,3201710.68638819,0.970374766907441,32.7900982353093
52,0.00256213210911631,0.00255885404805678,97414.3189389465,249.269024355617,97289.6844267687,3104182.22325241,0.969538639593385,31.8657693967755
53,0.00280674949639579,0.00280281609506414,97165.0499145909,272.335765778326,97028.8820317017,3006892.53882564,0.968658513763141,30.9462357243549
54,0.0030771451590277,0.00307241802090793,96892.7141488126,297.694921045492,96743.8666882898,2909863.65679394,0.9677311773604,30.0318107750065
55,0.00337612308411772,0.00337043358480315,96595.0192277671,325.567096929972,96432.2356793021,2813119.79010565,0.966753127259962,29.1228244747529
56,0.00370678529951275,0.00369992788037464,96269.4521308371,356.190029967276,96091.3571158535,2716687.55442634,0.965720537028507,28.2196220534648
57,0.00407256834656901,0.00406429229249819,95913.2621008698,389.819531904925,95718.3523349174,2620596.19731049,0.96462922025785,27.3225635319803
58,0.00447727773646094,0.00446727711627329,95523.4425689649,426.729689055983,95310.0777244369,2524877.84497557,0.963474589319349,26.4320231460742
59,0.00492512559883625,0.00491302696140854,95096.7128799089,467.21271432032,94863.1065227488,2429567.76725114,0.962251608364301,25.5483885160076
60,0.00542077175217041,0.00540611908336243,94629.5001655886,511.578346694237,94373.7109922415,2334704.66072839,0.960954739439074,24.6720595231189
61,0.00596936842965489,0.00595160476884842,94117.9218188944,560.152672331435,93837.8454827287,2240330.94973615,0.959577880414734,23.8034468509312
62,0.00657660889649265,0.00655505388364855,93557.7691465629,613.276217989672,93251.1310375681,2146493.10425342,0.958114293116479,22.9429701438352
63,0.00724888125491563,0.00722270299673421,92944.4929285733,671.310467605147,92608.8376947707,2053241.97321585,0.956556519630655,22.0910557314433
64,0.00799397391879395,0.00796214931182582,92273.1824609681,734.692856231575,91905.8360328524,1960633.13552108,0.954896286505519,21.2481360589295
65,0.0088210386724977,0.00878230415022631,91538.4896047366,803.918857161126,91136.530176156,1868727.29948823,0.953124409473766,20.4146617183372
66,0.00974057296620227,0.00969336350892895,90734.5707475754,879.52317708288,90294.809159034,1777590.76931207,0.95123069577829,19.5911079389723
67,0.0107646417713718,0.0107070131906524,89855.0475704925,962.079179583964,89374.0079807006,1687295.96015304,0.949203826483652,18.7779763716594
68,0.0119071405718268,0.0118366701242906,88892.9683909086,1052.19674321218,88366.8700193025,1597921.95217234,0.947031220312651,17.9757969735631
69,0.0131841070908516,0.0130977659166039,87840.7716476964,1150.51786497538,87265.5127152087,1509555.08215303,0.944698882258192,17.1851300237595
70,0.0146140916509835,0.0145080804423513,86690.253782721,1257.70917544757,86061.3991949972,1422289.56943782,0.942191236512718,16.4065682977769
71,0.0162185982426148,0.0160881347456583,85432.5446072735,1374.45028930628,84745.3194626203,1336228.17024283,0.939490944007264,15.6407394440299
72,0.0180225755462323,0.0178616193541383,84058.0943179672,1501.41368434178,83307.3874757963,1251482.85078021,0.936578706129792,14.8883086267244
73,0.0200543194552854,0.0198552279135673,82556.6806336254,1639.18170976822,81737.0897787413,1168175.46330441,0.933433057093942,14.1499810110899
74,0.0223458862531497,0.0220989756550008,80917.4989238572,1788.19383878187,80023.4020044662,1086438.37352567,0.930030126169974,13.426494738153
75,0.0249342528046344,0.0246272221136061,79129.3050850753,1948.73497202545,78154.9375990626,1006414.9715212,0.926343358303171,12.7186125347514
76,0.0278621606172201,0.0274793436736743,77180.5701130499,2120.87141106661,76120.1344075166,928260.033922141,0.922343228379313,12.0271207191457
77,0.0311790890010948,0.0307004824635411,75059.6987019833,2304.36896371892,73907.5142201238,852139.899514624,0.917996971079441,11.3528286717211
78,0.0349424045781807,0.034342401533889,72755.3297382643,2498.59274760197,71506.0333644634,778232.385294501,0.913268332744164,10.6965687337845
79,0.0392187212093882,0.0384644577861947,70256.7369906624,2702.38729417311,68905.5433435758,706726.351930037,0.908117376357444,10.0591969140834
80,0.0440855113877019,0.0431347036531489,67554.3496964893,2913.93685463925,66097.3812691696,637820.808586461,0.902500390490042,9.44159497429976
81,0.0496330025672064,0.0484311118185939,64640.41284185,3130.60706234371,63075.1093106781,571723.427317292,0.896369982949201,8.84467475039302
82,0.0559640143610439,0.0544406555466259,61509.8057795063,3348.63414918196,59835.4887049153,508648.318006614,0.889675485913448,8.26938585743485
83,0.0631923217859162,0.0612568407885664,58161.1716303243,3562.76963063526,56379.7868150067,448812.829301698,0.882363734260619,7.7167088750271
84,0.0714473111136532,0.0689829866589671,54598.4019996891,3766.36083674548,52715.2215813163,392433.042486691,0.874380180034677,7.18762872380269
85,0.0808765413500351,0.0777331472991318,50832.0411629436,3951.33454323463,48856.3738913263,339717.820905375,0.86567078743604,6.68314340981114
86,0.0916480731123587,0.0876324026880746,46880.706619709,4108.26896079982,44826.5721393091,290861.447014049,0.856185425418307,6.20428888526541
87,0.103953035079361,0.0988168778923715,42772.4376589092,4226.6387492995,40659.1182842594,246034.87487474,0.845883417690816,5.75218267513198
88,0.118008436926719,0.111433396457997,38545.7989096097,4295.28929168476,36398.1542637673,205375.75659048,0.834742459560013,5.32809702743713
89,0.134060233738832,0.125638659696087,34250.5096179249,4303.18812230401,32098.9155567729,168977.602326713,0.822772878025982,4.93357921419888
90,0.15238664161548,0.141597832535427,29947.3214956209,4240.47581402152,27827.0835886101,136878.68676994,0.810040412961295,4.57064872362477
91,0.167750585950088,0.154769268233472,25706.8456815994,3978.62969473192,23717.5308342334,109051.60318133,0.796702582079994,4.24212307227517
92,0.187585939913495,0.171500407358545,21728.2159868674,3726.39789292221,19865.0170404063,85334.0723470967,0.782510938470147,3.92733910591982
93,0.209177197810414,0.189371136020901,18001.8180939452,3409.02474289201,16297.3057224992,65469.0553066903,0.767208847603038,3.63680240323672
94,0.23254227817089,0.208320604222923,14592.7933510532,3039.97952819166,13072.8035869574,49171.7495841911,0.751068567491094,3.369591304508
95,0.257666882833485,0.228259434368014,11552.8138228616,2637.03874856536,10234.2944485789,36098.9459972337,0.734139954394457,3.12468863003734
96,0.284499737541405,0.249069617182435,8915.7750742962,2220.64868463965,7805.45073197638,25864.6515486548,0.716493261344441,2.90099866058998
97,0.312948893846421,0.270605973767098,6695.12638965656,1811.74119616681,5789.25579157315,18059.2008166784,0.698219374141063,2.69736518261679
98,0.342879592458243,0.292699286435356,4883.38519348975,1429.36336152343,4168.70351272803,12269.9450251053,0.679429015140774,2.51259004541826
99,0.374114142501239,0.315161041168048,3454.02183196631,1088.57311677967,2909.73527357648,8101.24151237726,0.66025084022801,2.34545173901387
100,0.406434154072406,0.337789549225436,2365.44871518664,799.023855218782,1965.93678757725,5191.50623880078,0.640828474360267,2.19472365030377
101,0.439585274603917,0.360377051935835,1566.42485996786,564.50357311422,1284.17307341075,3225.56945122353,0.621316685919774,2.05919194316778
102,0.473284339147429,0.38271728944079,1001.92128685364,383.452599137652,810.194987284812,1941.39637781278,0.601877097104936,1.93767355109242
103,0.507228581702951,0.404612954243233,618.468687715986,250.240442843701,493.348466294136,1131.20139052797,0.582674101721774,1.82903583155602
104,0.541106310074707,0.425882465388706,368.228244872285,156.821952751965,289.817268496303,637.852924233833,0.563872118240702,1.73222161286151
105,0.574608263161421,0.446365586084033,211.40629212032,94.3644934841391,164.224045378251,348.03565573753,0.545636215677115,1.64628806572818
106,0.607438781406699,0.465927549853339,117.041798636181,54.5329984689838,89.7752994016895,183.811610359279,0.528140169919544,1.57047834620731
107,0.639325945435617,0.484461531961409,62.5088001671976,30.2831090900701,47.3672456221625,94.0363109575894,0.51159070296912,1.50436915611982
108,0.670029969940559,0.501889475012504,32.2256910771274,16.1737351766146,24.1388234888201,46.6690653354269,0.496287709079472,1.44819439942285
109,0.699349354360022,0.518161425256367,16.0519559005128,8.31750434756208,11.8932037267318,22.5302418466068,0.482766082514703,1.40358234138227
110,0.727124549690118,1,7.73445155295074,7.73445155295074,10.637038119875,10.637038119875,0.472122678145021,1.37528020533233
