"Edad","Mx","qx","lx","dx","Lx","Tx","P_x1","e_0"
25,0.0009844552480295,0.000983970910366191,1e+05,98.3970910366191,99950.8014544817,5305739.00549496,0.999508014544817,53.0573900549496
26,0.000954260962229009,0.000953805872374233,99901.6029089634,95.2867355141681,99853.9595412063,5205788.20404048,0.981161756854047,52.1091559340076
27,0.000929409171158215,0.000928977471067511,99806.3161734492,92.7178191953752,99759.9572638515,5105934.24449928,0.980818666525137,51.1584280460355
28,0.000910431258711932,0.000910017004748391,99713.5983542538,90.7410701070221,99668.2278192003,5006174.28723542,0.980461958088997,50.2055323432409
29,0.000897882633446783,0.000897479717720577,99622.8572841468,89.4094938338934,99578.1525372299,4906506.05941622,0.980090939288044,49.2508064230858
30,0.000892392643461947,0.000891994638735139,99533.4477903129,88.783301803783,99489.056139411,4806927.90687899,0.979704875255147,48.2945985856508
31,0.000894722139084809,0.000894322054214121,99444.6644885092,88.9355566259975,99400.1967101961,4707438.85073958,0.979302985593556,47.3372691732851
32,0.000905832653795064,0.000905422573128953,99355.7289318832,89.9589197446084,99310.7494720109,4608038.65402939,0.978884442291889,46.3791942706051
33,0.000926973120365093,0.000926543679822073,99265.7700121386,91.9740718274185,99219.7829762248,4508727.90455738,0.978448368833631,45.4207719741259
34,0.000959792791558441,0.00095933241139186,99173.7959403111,95.1406368063029,99126.225621908,4409508.12158115,0.977993841039745,44.4624316309831
35,0.00100631744524731,0.00100581136248696,99078.6553035048,99.654437284194,99028.8280848627,4310381.89595924,0.977519890452914,43.5046467148284
36,0.00106772417140706,0.00106715445810229,98979.0008662207,105.625882032898,98926.1879252042,4211353.06787438,0.977025509461772,42.547944826867
37,0.00114485587263577,0.0011442009000758,98873.3749841878,113.13100465044,98816.8094818625,4112426.87994917,0.976509642784442,41.5928644147815
38,0.00123882220556521,0.00123805534034154,98760.2439795373,122.2706474723,98699.1086558012,4013610.07046731,0.975971169247127,40.6399367674599
39,0.00135092837748748,0.00135001648969447,98637.973332065,133.162890508332,98571.3918868109,3914910.96181151,0.975408894505711,39.689693832536
40,0.0014825849948173,0.00148148677978243,98504.8104415567,145.933574414141,98431.8436543496,3816339.5699247,0.974821549494142,38.7426720869531
41,0.00163519504851575,0.00163385920927127,98358.8768671425,160.704556782959,98278.5245887511,3717907.72627035,0.974207786846313,37.7994121597412
42,0.00181000997508302,0.00180837338814741,98198.1723103596,177.578961570768,98109.3828295742,3619629.2016816,0.973566174358141,36.8604538813778
43,0.00200794849953287,0.00200593459285493,98020.5933487888,196.622899010501,97922.2818992836,3521519.81885203,0.972895184185166,35.9263262804513
44,0.00222941475203433,0.00222693237409104,97823.9704497783,217.847366756736,97715.0467664,3423597.53695274,0.97219317597616,34.9975320078669
45,0.00247527310686519,0.00247221340518705,97606.1230830216,241.303165914183,97485.4715000645,3325882.49018634,0.971458372162117,34.0745271416776
46,0.00274741281043192,0.00274364384930251,97364.8199171074,267.134389304018,97231.2527224554,3228397.01868628,0.970688840694849,33.1577362484192
47,0.00304776119647103,0.00304312383909461,97097.6855278034,295.48028155057,96949.9453870281,3131165.76596382,0.969882498292598,32.2475839557188
48,0.00337817272451114,0.00337247632075073,96802.2052462528,326.46314498944,96638.9736737581,3034215.82057679,0.969037108657457,31.3444906844645
49,0.00374036809848844,0.00373338597957976,96475.7421012634,360.18118293041,96295.6515097982,2937576.84690304,0.968150263729299,30.4488649988272
50,0.00413586251214857,0.00412732748264316,96115.560918333,396.700396087898,95917.210720289,2841281.19539324,0.967219359176486,29.5610946681922
51,0.00456588297309206,0.0045554830717962,95718.8605222451,436.045648760709,95500.8376978647,2745363.98467295,0.966241563532745,28.6815364254668
52,0.00503127517885319,0.00501865007407866,95282.8148734844,478.191105923235,95043.7193205228,2649863.14697508,0.965213779217971,27.8105044492393
53,0.00553240275127087,0.00551714122761746,94804.6237675611,523.050498356773,94543.0985183827,2554819.42765456,0.96413259325146,26.9482576495254
54,0.0060698293474918,0.00605146367159723,94281.5732692044,570.541515539623,93996.3025114345,2460276.32913618,0.962994214974646,26.094985942919
55,0.00664592875059623,0.00662391770802755,93711.0317536647,620.734162670632,93400.6646723294,2366280.02662474,0.961794412522581,25.250816070886
56,0.00726379775855716,0.00723751184738985,93090.2975909941,673.742131691867,92753.4265251482,2272879.36195241,0.960528481996463,24.4158566549937
57,0.00792707606200682,0.00789578083438526,92416.5554593022,729.700867375461,92051.7050256145,2180125.93542727,0.95919122322204,23.5902098340739
58,0.00864004254489833,0.00860287792923973,91686.8545919268,788.770817770299,91292.4691830416,2088074.23040165,0.957776886403778,22.7739760480944
59,0.00940772613758696,0.00936368066591459,90898.0837741565,851.140629604754,90472.5134593541,1996781.76121861,0.956279107392901,21.9672591358446
60,0.0102360344115008,0.0101839129697,90046.9431445517,917.03023217164,89588.4280284659,1906309.24775926,0.954690835415013,21.1701717036532
61,0.0111319039125024,0.0110702872256624,89129.9129123801,986.693736338327,88636.5660442109,1816720.81973079,0.95300425251896,20.3828407362715
62,0.0121034772232944,0.0120306707486011,88143.2191760417,1060.42204862874,87613.0081517274,1728084.25368658,0.951210684062428,19.6054134378188
63,0.0131604091640409,0.0130743770880192,87082.797127413,1138.55332752328,86513.5204636514,1640471.24553485,0.949300499692177,18.8380633104221
64,0.0143147196435738,0.0142129921446503,85944.2437998897,1221.52486200575,85333.4813688869,1553957.7250712,0.947263007078527,18.0809982887207
65,0.0155809562115697,0.0154605114357254,84722.718937884,1309.8565650049,84067.7906553815,1468624.24370231,0.94508635595928,17.3344796072829
66,0.0169764460150877,0.0168335590121816,83412.8623728791,1404.13534112884,82710.7947023147,1384556.45304693,0.942757454116751,16.5988363624014
67,0.0185218541329293,0.0183518985390282,82008.7270317502,1505.01583780154,81256.2191128495,1301845.65834462,0.940261883493232,15.8744770887688
68,0.0202418759738265,0.0200390618713111,80503.7111939487,1613.2188494857,79697.1017692059,1220589.43923177,0.937583830623845,15.1619027387587
69,0.0221660995930642,0.0219231245123977,78890.492344463,1729.52608651202,78025.729301207,1140892.33746256,0.934706053315219,14.4617216036761
70,0.0243300849613509,0.0240376657365297,77160.966257951,1854.76951481628,76233.5815005428,1062866.60816136,0.931609910296407,13.7746669035762
71,0.0267767213539619,0.026422961219008,75306.1967431347,1989.81271609483,74311.2903850873,986633.026660812,0.928275494859681,13.1016180517808
72,0.0295571966877997,0.0291267442337043,73316.3840270399,2135.46756569563,72248.650244192,912321.736275725,0.92468193504875,12.4436270061989
73,0.0327179885359895,0.0321913700970923,71180.9164613442,2291.41122565734,70035.2108485156,840073.086031533,0.920807926226635,11.8019425401434
74,0.0362967701855101,0.0356497841738495,68889.5052356869,2455.89599349551,67661.5572389391,770037.875183017,0.916632002604251,11.1778691478265
75,0.0403312263494811,0.0395339990180329,66433.6092421914,2626.38624254518,65120.4161209188,702376.317944078,0.91213216983274,10.5726051309885
76,0.0448581091033033,0.0438740555186728,63807.2229996462,2799.48164437881,62407.4821774568,637255.90182316,0.907285575471092,9.98720633597693
77,0.0499114992865955,0.0486962479150593,61007.7413552674,2970.84809777392,59522.3173063804,574848.419645703,0.902068412393025,9.42254879258975
78,0.0555206338070607,0.0540209938970354,58036.8932574935,3135.21065646595,56469.2879292605,515326.102339322,0.896455630263251,8.87928476896522
79,0.0617072780811076,0.0598603678971734,54901.6826010275,3286.43491867135,53258.4651416918,458856.814410062,0.890420284024197,8.3577914677878
80,0.0684826518079574,0.0662153504145661,51615.2476823562,3417.72171202184,49906.3868263453,405598.34926837,0.883932278067692,7.85811107145025
81,0.0758442550572009,0.073073165168753,48197.5259703343,3521.9457759555,46436.5530823566,355691.962442025,0.876956139204295,7.37988009303535
82,0.0838164246737775,0.0804451137646628,44675.5801943788,3593.93213123912,42878.6141287593,309255.409359668,0.869447280271548,6.9222471877059
83,0.0925182932829706,0.0884277031937607,41081.6480631397,3632.75578163785,39265.2701723208,266376.795230909,0.861348863007628,6.48408249886922
84,0.102117642221053,0.0971569242082543,37448.8922815019,3638.41918907696,35629.6826869634,227111.525058588,0.852595004988015,6.06457257404036
85,0.11283173735947,0.106806174258327,33810.4730924249,3611.16728086601,32004.8894519919,191481.842371625,0.843118121470181,5.66338843731014
86,0.124940070641778,0.117593971112836,30199.3058115589,3551.25629523216,28423.6776639428,159476.952919633,0.832856791768917,5.28081519206949
87,0.138801717303246,0.129793908598743,26648.0495163267,3458.75450325689,24918.6722646983,131053.27525569,0.821769370786343,4.91793124203691
88,0.1548792358374,0.143747485484692,23189.2950130699,3333.4028482915,21522.5935889241,106134.602990992,0.809858454769017,4.57687924239061
89,0.173771866397528,0.159880499958361,19855.8921647784,3174.56996642407,18268.6071815663,84612.0094020675,0.797214169720399,4.26130484089542
90,0.196262031544515,0.178723693917792,16681.3221983543,2981.34752272274,15190.6484369929,66343.4022205012,0.784089666340911,3.97710693622633
91,0.20867202001043,0.188957000514223,13699.9746756316,2588.70612182815,12405.6216147175,51152.7537835083,0.77103000556853,3.73378455030978
92,0.228849111786539,0.205351820880423,11111.2685538034,2281.71922981491,9970.40893889595,38747.1321687908,0.757478909792007,3.48719248222361
93,0.250359933838209,0.222506568903576,8829.5493239885,1964.63272504557,7847.23296146571,28776.7232298948,0.742680080284065,3.25913839698624
94,0.273176423091149,0.240347753316633,6864.91659894293,1649.967281262,6039.93295831193,20929.4902684291,0.727306236405903,3.04876103981393
95,0.297247772187679,0.258785992339528,5214.94931768093,1349.5558341764,4540.17140059273,14889.5573101172,0.711415190678446,2.85516817193892
96,0.322499058013851,0.277717277775471,3865.39348350453,1073.48655576992,3328.65020561957,10349.3859095245,0.695076804096266,2.67744692841497
97,0.348830665735697,0.297024958694872,2791.90692773461,829.266039890299,2377.27390778946,7020.73570390489,0.678372201527799,2.51467397933699
98,0.376118661448167,0.316582389213622,1962.64088784431,621.337541442096,1651.97211712326,4643.46179611543,0.661392479641808,2.36592533299132
99,0.404216217439536,0.336256127470949,1341.30334640221,451.021469025033,1115.7926118897,2991.48967899217,0.644236953019567,2.23028570458448
100,0.43295612604551,0.355909522091736,890.281877377179,316.859797504246,731.851978625056,1875.69706710248,0.627011044121134,2.10685751868654
101,0.462154356391242,0.375406485130865,573.422079872933,215.266367501528,465.788896122169,1143.84508847742,0.609824000121939,1.99476987131519
102,0.491614521348582,0.394615232120654,358.155712371405,141.33369957278,287.488862585015,678.056192355251,0.592786732386827,1.89318826681762
103,0.521133040187519,0.413411773104015,216.822012798625,89.6367727590609,172.003626419094,390.567329770236,0.576010269021491,1.80132692584576
104,0.550504716520143,0.431682962948009,127.185240039564,54.9037012635327,99.7333894077976,218.563703351142,0.559605698407286,1.71846751465148
105,0.579528410539508,0.449328961194345,72.2815387760313,32.4781887317629,56.0424444101499,118.830313943344,0.543687319172264,1.64399258725727
106,0.608012475211665,0.466265005241065,39.8033500442684,18.5589092170028,30.523895435767,62.7878695331945,0.528382594050289,1.57745188441081
107,0.635779649382831,0.48242245859338,21.2444408272656,10.2487953753311,16.1200431396001,32.2639740974275,0.513856806056626,1.51870196818826
108,0.662671153249029,0.497749151216386,10.9956454519346,5.47307319077675,8.25910885654621,16.1439309578273,0.500370193364201,1.46821130495681
109,0.688549805693412,0.512209075863354,5.52257226115783,2.82871163427625,4.10821644401971,7.88482210128113,0.488407818509543,1.42774448724516
110,0.713302068406851,1,2.69386062688158,2.69386062688158,3.77660565726142,3.77660565726142,0.478971574596185,1.40193060456629
