"Edad","Mx","qx","lx","dx","Lx","Tx","P_x1","e_0"
25,0.000356822635280284,0.000356758985439612,1e+05,35.6758985439612,99982.162050728,6205500.29895255,0.99982162050728,62.0550029895255
26,0.000381055699692481,0.000380983111799362,99964.324101456,38.0847192650927,99945.2817418235,6105518.13690182,0.983888138387874,61.0769711272713
27,0.000407017083376658,0.000406934268777056,99926.2393821909,40.6634111546329,99905.9076766136,6005572.85516,0.983630335787924,60.1000587262201
28,0.000434864091202675,0.000434769558368234,99885.5759710363,43.4272077522841,99863.8623671602,5905666.94748338,0.983364466623567,59.1243219060562
29,0.000464771847813364,0.000464663866471448,99842.148763284,46.393038881165,99818.9522438434,5805803.08511622,0.983090163523408,58.1498210628581
30,0.00049693554408574,0.00049681210228956,99795.7557244028,49.5797392010159,99770.9658548023,5705984.13287238,0.982807037927321,57.1766213047186
31,0.000531572998964917,0.000531431751579951,99746.1759852018,53.0082850172179,99719.6718426932,5606213.16701758,0.982514678707216,56.2047929321051
32,0.00056892758610747,0.000568765792832682,99693.1677001846,56.702063566997,99664.8166684011,5506493.49517489,0.98221265070166,55.2344119682806
33,0.000609271583184399,0.000609086033778351,99636.4656366176,60.6871796743004,99606.1220467805,5406828.67850648,0.981900493162167,54.2655607458582
34,0.000652910011652445,0.000652696935470574,99575.7784569433,64.9928054459437,99543.2820542203,5307222.5564597,0.981577718109926,53.2983285564225
35,0.000700178488764116,0.000699933449591631,99510.7856514974,69.6509274726259,99475.9601877611,5207679.27440548,0.981243808603229,52.3328123711495
36,0.000751393824349235,0.000751111634027633,99441.1347240247,74.6913931921242,99403.7890274287,5108203.31421772,0.980898216855124,51.3691173013495
37,0.000806869334686007,0.000806543946897093,99366.4433308326,80.1434033931761,99326.371629136,5008799.52519029,0.980540361666742,50.4073544075025
38,0.000866939347742628,0.000866563718650116,99286.2999274394,86.0379052761327,99243.2809748014,4909473.15356116,0.980169625250601,49.4476393737012
39,0.000931960097868874,0.000931526025326009,99200.2620221633,92.4076257928044,99154.0582092669,4810229.87258636,0.979785350103643,48.4900924103573
40,0.0010023103266636,0.00100180826527879,99107.8543963705,99.2870676883306,99058.2108625263,4711075.81437709,0.979386835798774,47.5348381121811
41,0.00107839175336514,0.00107781060233252,99008.5673286822,106.712483588607,98955.2110868879,4612017.60351456,0.97897333544066,46.5820052541907
42,0.00116062938457282,0.00115995624492148,98901.8548450936,114.721824161884,98844.4939330126,4513062.39242768,0.97854405173747,45.6317265181358
43,0.00124947162979128,0.00124869152747231,98787.1330209317,123.354656026517,98725.4556929184,4414217.89849466,0.978098132634093,44.6841381413443
44,0.00134539133671789,0.00134448690619993,98663.7783649052,132.652158127827,98597.4522858413,4315492.44280174,0.977634666443044,43.7393794796812
45,0.00144891991630429,0.0014478709917462,98531.1262067773,142.660359418877,98459.7960270679,4216894.9905159,0.97715267641117,42.7975925259022
46,0.0015606648969145,0.00155944800903137,98388.4658473585,153.431697177314,98311.7499987698,4118435.19448884,0.976651115038788,41.8589227814391
47,0.00168128404326855,0.00167987187238166,98235.0341501811,165.022270751341,98152.5230148055,4020123.44449007,0.976128858326986,40.9235206081786
48,0.001811487299087,0.00180984804071748,98070.0118794298,177.491818853126,97981.2659700032,3921970.92147526,0.975584699233718,39.9915412093255
49,0.00195204081033796,0.00195013743640715,97892.5200605767,190.903868114368,97797.0681265195,3823989.65550526,0.975017340023228,39.0631444888633
50,0.00210377124232354,0.00210156064090338,97701.6161924623,205.325871142727,97598.9532568909,3726192.58737874,0.974425383712604,38.1384948641844
51,0.00226757041007582,0.0022650023838836,97496.2903213196,220.829329997596,97385.8756563208,3628593.63412185,0.973807324509346,37.2177610262201
52,0.0024444002425945,0.00244141634324365,97275.460991322,237.489900260773,97156.7160411916,3531207.75846553,0.973161537092348,36.3011156408763
53,0.00263529800459641,0.00263183017619053,97037.9710910612,255.387460553759,96910.2773607843,3434051.04242433,0.972486264562522,35.388734985007
54,0.00284133661804856,0.00283730574768981,96782.5836305074,274.601780811108,96645.2827401019,3337140.76506355,0.971779604856319,34.4807985061026
55,0.00306353677919668,0.00305885132742485,96507.9818496963,295.203568388037,96360.3800655023,3240495.48232345,0.971039494721985,33.5774867551398
56,0.00330293543946895,0.00329748974160453,96212.7782813083,317.260649393885,96054.1479566114,3144135.10225795,0.970263689429244,32.6789763108709
57,0.00356059656244342,0.0035542689036233,95895.5176319144,340.838456315973,95725.0984037564,3048080.95430133,0.96944973901165,31.7854372088703
58,0.00383760498551721,0.00383025548175093,95554.6791755984,365.998833719287,95371.6797587388,2952355.85589758,0.968594961932139,30.897030698749
59,0.00413505899695134,0.00412652728007352,95188.6803418792,392.798686184963,94992.2809987867,2856984.17613884,0.967696414519874,30.0139067573761
60,0.00445406151680613,0.00444416422637859,94795.8816556942,421.288466062254,94585.2374226631,2761991.89514005,0.966750855047728,29.1362013507276
61,0.00479570977619749,0.00478423786803979,94374.5931896319,451.510502518687,94148.8379383726,2667406.65771739,0.965754701312088,28.2640334391442
62,0.00516108339887257,0.00514779928814917,93923.0826871132,483.497178197497,93681.3340980145,2573257.81977902,0.964703980300124,27.3975017233126
63,0.00555146083366299,0.00553609412879924,93439.5855089157,517.290340733343,93180.9403385491,2479576.485681,0.963594268177116,26.5366811311937
64,0.00596971412526135,0.00595194841001331,92922.2951681824,553.068706981051,92645.7608146919,2386395.54534245,0.962420622684298,25.6816250720374
65,0.00641986376907218,0.00639932238012479,92369.2264612014,591.100458127981,92073.6762321374,2293749.78452776,0.961177533625761,24.8324022231714
66,0.00690669679627183,0.00688292764910033,91778.1260030734,631.702201049167,91462.2749025488,2201676.10829562,0.959858883975397,23.9891159710746
67,0.00743590010626165,0.00740835620790486,91146.4238020242,675.245174602053,90808.8012147232,2110213.83339308,0.958457888261615,23.1519103588375
68,0.00801422547540882,0.00798223974086778,90471.1786274222,722.162637442957,90110.0973087007,2019405.03217835,0.956967014537712,22.3209762801329
69,0.00864969308615618,0.00861244558065921,89749.0159899792,772.95851613141,89362.5367319135,1929294.93486965,0.955377898008158,21.496558080203
70,0.0093518438447055,0.00930831887242966,88976.0574738478,828.217514978203,88561.9487163587,1839932.39813774,0.953681246388619,20.6789607269185
71,0.0101320536212807,0.0100809830906658,88147.8399588696,888.616884104079,87703.5315168175,1751370.44942138,0.951866737709497,19.8685577574967
72,0.0110038610705104,0.0109436498691283,87259.2230747655,954.934385182396,86781.7558821743,1663666.91790456,0.949922912342278,19.0658002590637
73,0.0119821606017775,0.0119108020303656,86304.2886895831,1027.95329695315,85790.3120411065,1576885.16202239,0.947837061043758,18.2712259838452
74,0.0130833568980506,0.0129983260287946,85276.33539263,1108.44960997424,84722.1105876428,1491094.84998128,0.94559507939622,17.4854470834842
75,0.0143267382529513,0.0142248404699002,84167.8857826557,1197.27474794706,83569.2484086822,1406372.73939364,0.943181273418853,16.7091370576335
76,0.0157351041250742,0.0156122737485429,82970.6110347087,1295.35989255775,82322.9310884298,1322803.49098496,0.940578165327128,15.9430366305437
77,0.0173354908750425,0.0171865224732878,81675.2511421509,1403.713539266,80973.3943725179,1240480.55989653,0.9377663185428,15.1879613781358
78,0.0191600644391413,0.0189782521718638,80271.5376028849,1523.41348285079,79509.8308614595,1159507.16552401,0.934724173042041,14.4448107031444
79,0.0212472220769209,0.021023872631561,78748.1241200341,1655.59053147396,77920.3288542972,1079997.33466255,0.931427909006904,13.7145785595646
80,0.0236429568892777,0.0233667276223681,77092.5335885602,1801.40023408215,76191.8334715191,1002077.00580825,0.927851369301163,12.998366497543
81,0.0264025280818912,0.0260585226439515,75291.133354478,1961.97570340644,74310.1455027748,925885.172336733,0.923966089402416,12.2973998542109
82,0.0295887037826522,0.0291573398368903,73329.1576510716,2138.0831695852,72260.116066279,851575.026833958,0.919741510369766,11.6130479895334
83,0.0332676099812269,0.0327232970396199,71191.0744814864,2329.60667682738,70026.2711430727,779314.910767679,0.915145332132469,10.9468064141993
84,0.0375143516460509,0.0368236440796052,68861.467804659,2535.73018123796,67593.60271404,709288.639624606,0.910143806854546,10.3002253979927
85,0.0424148972503989,0.0415340656861639,66325.7376234211,2754.77754313444,64948.3488518538,641695.036910566,0.904702262326076,9.67490238184655
86,0.0480672716873536,0.0469391531731789,63570.9600802866,2983.96703257461,62078.9765639993,576746.688058712,0.898786268996957,9.07248667206399
87,0.0545827674860627,0.05313270251249,60586.993047712,3219.15067773038,58977.4177088468,514667.711494713,0.89236353177345,8.49468979405223
88,0.0620871330347662,0.0602177590268873,57367.8423699816,3454.56290772801,55640.5609161176,455690.293785866,0.885406804445605,7.94330542966892
89,0.0707216823689006,0.0683063136596852,53913.2794622536,3682.61737737096,52071.9707735681,400049.732869748,0.877898296990579,7.42024482390903
90,0.0806442545157225,0.0775185420003409,50230.6620848826,3893.80768853191,48283.7582406167,347977.76209618,0.86983625660732,6.92759656458733
91,0.0888722504937502,0.0850911303673485,46336.8543963507,3942.85531825273,44365.4267372244,299694.003855564,0.861244701529889,6.46772440123095
92,0.0998807393387352,0.0951299161591322,42393.999078098,4032.93757794979,40377.5302891231,255328.577118339,0.851964249646429,6.02275281102814
93,0.112085087054569,0.106136904939638,38361.0615001482,4071.52433782485,36325.2993312358,214951.046829216,0.841860512658522,5.60336545505618
94,0.125572636415254,0.118154171035087,34289.5371623234,4051.45183859112,32263.8112430278,178625.74749798,0.831006641432655,5.20933679134784
95,0.140426502467686,0.131213571039032,30238.0853237323,3967.64715670987,28254.2617453773,146361.936254952,0.819377599842416,4.84031758915902
96,0.156722504264226,0.145333953676801,26270.4381670224,3817.9866436353,24361.4448452047,118107.674509575,0.80695621779586,4.49583953486688
97,0.174525636863766,0.160518352973274,22452.4515233871,3604.03053874637,20650.4362540139,93746.2296643703,0.793735293270636,4.1753226620586
98,0.193886159779273,0.176751340460419,18848.4209846407,3331.48367459753,17182.679147342,73095.7934103564,0.779719820968305,3.87808578076227
99,0.214835433680269,0.193996746135932,15516.9373100432,3010.23534814362,14011.8196359714,55913.1142630145,0.764929302417183,3.60336019575366
100,0.237381698829615,0.212195977962804,12506.7019618996,2653.8718538946,11179.7660349523,41901.2946270431,0.749400121587576,3.35030727962426
101,0.261506050410564,0.231267168498699,9852.83010800497,2278.63612077704,8713.51204761645,30721.5285920908,0.733188052195961,3.11804103545143
102,0.287158918956196,0.251105348715557,7574.19398722793,1901.92062240215,6623.23367602685,22008.0165444744,0.716371142747769,2.90565789331322
103,0.314257397929793,0.271583790299999,5672.27336482578,1540.49750003712,4902.02461480722,15384.7828684475,0.699053585195083,2.71227810772481
104,0.342683763962245,0.29255657057413,4131.77586478866,1208.77817738353,3527.3867760969,10482.7582536403,0.68137186876646,2.53710718990719
105,0.372285498806148,0.313862306196704,2922.99768740513,917.418795176606,2464.28828981683,6955.37147754341,0.663505854971714,2.37953369156374
106,0.402877040497495,0.335328885920923,2005.57889222852,672.528535557511,1669.31462444977,4491.08318772658,0.645699974793122,2.23929520056738
107,0.434243366158182,0.356778925390292,1333.05035667101,475.60427374423,1095.2482197989,2821.76856327681,0.628304675136781,2.11677567104331
108,0.466145350397404,0.378035585228006,857.446082926784,324.145131760688,695.37351704644,1726.52034347791,0.611857530042425,2.0135614096978
109,0.498326669712647,0.398928351327222,533.300951166096,212.74886920993,426.926516561131,1031.14682643147,0.597239893712647,1.93351769610911
110,0.530521858864617,1,320.552081956166,320.552081956166,604.220309870337,604.220309870337,0.585969228030684,1.88493647017698
