"Edad","Mx","qx","lx","dx","Lx","Tx","P_x1","e_0"
25,0.00325791047440532,0.00325261211486622,1e+05,325.261211486622,99837.3693942567,4646037.63471359,0.998373693942567,46.4603763471359
26,0.00300553017552296,0.00300102034691795,99674.7387885134,299.125919178061,99525.1758289243,4546200.26531933,0.978511286983922,45.6103554478865
27,0.00264458208643608,0.0026410897970531,99375.6128693353,262.4599172251,99244.3829107228,4446675.08949041,0.978108052874804,44.7461400347503
28,0.00280074236544626,0.00279682577123313,99113.1529521102,277.202220444633,98974.5518418879,4347430.70657969,0.977681215534437,43.8633075135879
29,0.00309511389323596,0.00309033142936509,98835.9507316656,305.435844897246,98683.232809217,4248456.1547378,0.97723378277379,42.9849272788616
30,0.00292825768667643,0.00292397660818713,98530.5148867683,288.100920721545,98386.4644264076,4149772.92192858,0.976771978051564,42.1166267800135
31,0.00332866152768045,0.00332313073895934,98242.4139660468,326.472385720138,98079.1777731867,4051386.45750217,0.976291120917363,41.2386696737965
32,0.00301005357895371,0.00300553017552296,97915.9415803267,294.289317084415,97768.7969217845,3953307.27972899,0.975791206590137,40.3745009844575
33,0.0029460393807305,0.00294170618958996,97621.6522632423,287.174218700779,97478.0651538919,3855538.4828072,0.975269112668498,39.4947062810464
34,0.00331541218637993,0.00330992530303708,97334.4780445415,322.169851737535,97173.3931186727,3758060.41765331,0.97471739276146,38.6097556914373
35,0.00356480821331812,0.00355846558963775,97012.3081928039,345.214960475425,96839.7007125662,3660887.02453464,0.974142674060746,37.7363150380767
36,0.00322704571648098,0.0032218471923903,96667.0932323285,311.446602927109,96511.369930865,3564047.32382207,0.97354747631829,36.8692923791169
37,0.00351977963118831,0.00351359608921479,96355.6466294014,338.554823170827,96186.369217816,3467535.95389121,0.972920850605495,35.9868474260557
38,0.00377591488755373,0.00376879955438093,96017.0918062306,361.869172812275,95836.1572198244,3371349.58467339,0.972260887703305,35.111973516934
39,0.00411553241601587,0.00410708100351329,95655.2226334183,392.863747764546,95458.790759536,3275513.42745357,0.971573355176364,34.2429125904227
40,0.0040471112834432,0.00403893826712619,95262.3588856538,384.758786719975,95069.9794922938,3180054.63669403,0.970856846453612,33.3820689923409
41,0.0049930494482113,0.00498061521917537,94877.6000989338,472.548819011584,94641.325689428,3084984.65720174,0.970104293682473,32.5154162203182
42,0.00364939719778429,0.00364275027645873,94405.0512799222,343.894026649037,94233.1042665977,2990343.33151231,0.969321946069167,31.6756708562722
43,0.00475910379124111,0.0047478061401403,94061.1572532732,446.584139955793,93837.8651832952,2896110.22724571,0.968487530086072,30.7896512419842
44,0.00586999505684627,0.00585281705326063,93614.5731133174,547.908969951338,93340.6186283417,2802272.36206242,0.967598655499885,29.9341466704159
45,0.00611888111888112,0.00610021786492375,93066.664143366,567.72692723622,92782.8006797479,2708931.74343407,0.966691096878376,29.1074335624736
46,0.00637105810789179,0.00635082736281096,92498.9372161298,587.44478150313,92205.2148253782,2616148.94275433,0.96574930287386,28.2830162323003
47,0.00681268305106329,0.00678955550620261,91911.4924346267,624.038179542819,91599.4733448552,2523943.72792895,0.96475536491118,27.4605891066793
48,0.00636749545178896,0.00634728729031283,91287.4542550838,579.427698158308,90997.7404060047,2432344.25458409,0.963707798897712,26.644890849814
49,0.00801840289188301,0.00798638387012307,90708.0265569255,724.429120184925,90345.8119968331,2341346.51417809,0.962588461631405,25.8119000385124
50,0.0082804674457429,0.00824632572986633,89983.5974367406,742.034054808528,89612.5804093363,2251000.70218126,0.961412882950156,25.0156780380306
51,0.00948117862681517,0.00943644431971656,89241.5633819321,842.123043858058,88820.501860003,2161388.12177192,0.960189892289904,24.2195232788752
52,0.00785983297854921,0.00782906540531724,88399.440338074,692.085000200221,88053.3978379739,2072567.61991192,0.958905806428145,23.4454835006376
53,0.0106094658910629,0.0105534824848355,87707.3553378738,925.618038349497,87244.5463186991,1984514.22207394,0.957514825093274,22.6265427161613
54,0.0114588219526905,0.0113935436585935,86781.7372995243,988.751512690719,86287.3615431789,1897269.67575524,0.956037328758711,21.8625454478617
55,0.0132575058163152,0.0131702037896436,85792.9857868336,1129.91110653459,85228.0302335663,1810982.31421206,0.954520244198374,21.1087456346576
56,0.0134331419196062,0.0133435192258722,84663.074680299,1129.70336471802,84098.22299794,1725754.2839785,0.952938231607939,20.383789396915
57,0.0150515015232845,0.0149390737774258,83533.371315581,1247.91119696057,82909.4157171007,1641656.06098056,0.951268715495196,19.6526973008014
58,0.0156161473087819,0.015495159958539,82285.4601186204,1275.02636680001,81647.9469352204,1558746.64526346,0.94949647634013,18.9431601040623
59,0.0175643118053936,0.0174114021571649,81010.4337518204,1410.50524097931,80305.1811313307,1477098.69832824,0.947619488270706,18.2334377180772
60,0.0194879633167749,0.0192999053926206,79599.9285108411,1536.2710895186,78831.7929660818,1396793.51719691,0.945633165053751,17.5476730108705
61,0.0227034120734908,0.0224485823655356,78063.6574213225,1752.41844337751,77187.4481996337,1317961.72423082,0.943562314690376,16.883166479346
62,0.0191071491991334,0.018926335045381,76311.238977945,1444.29207662472,75589.0929396326,1240774.27603119,0.941434226214209,16.2593910497219
63,0.0222387259149235,0.0219941648134168,74866.9469013202,1646.63596922497,74043.6289167077,1165185.18309156,0.939079094078726,15.5634125781482
64,0.0245184624442762,0.0242215251667048,73220.3109320953,1773.50760395569,72333.5571301174,1091141.55417485,0.93645333806919,14.9021704535887
65,0.0228575711020347,0.0225992886781269,71446.8033281396,1614.64693354198,70639.4798613686,1018807.99704473,0.93370836546976,14.2596722258597
66,0.0297599550793131,0.0293236202683388,69832.1563945976,2047.73163663443,68808.2905762804,948168.517183364,0.930664580503615,13.5778209658254
67,0.0297691100650078,0.0293325087246543,67784.4247579632,1988.28723060863,66790.2811426588,879360.226607084,0.927430315044964,12.972895023407
68,0.0377480936671894,0.0370488322717622,65796.1375273545,2437.67006338076,64577.3024956641,812569.945464425,0.924046734066695,12.3498122534412
69,0.0432667245873154,0.0423505400119058,63358.4674639738,2683.26531142605,62016.8348082607,747992.642968761,0.920527084645304,11.8057249947543
70,0.0429705990637985,0.0420667816595011,60675.2021525477,2552.41048109731,59398.9969119991,685975.8081605,0.917088977557162,11.3057028872494
71,0.0507308195416027,0.0494758444727938,58122.7916714504,2875.67420106128,56684.9545709198,626576.811248501,0.91340948732393,10.780225677912
72,0.0431576072111445,0.0422459893048128,55247.1174703891,2333.9691337758,54080.1329035012,569891.856677581,0.909532313431819,10.3153229122411
73,0.0523226842367532,0.0509887501011681,52913.1483366133,2697.97529760162,51564.1606878125,515811.72377408,0.905104569805956,9.74827127073751
74,0.0592488205379572,0.0575441102085751,50215.1730390117,2889.58745149956,48770.3793132619,464247.563086267,0.900032980424468,9.24516505649792
75,0.0607872111767867,0.0589941657703465,47325.5855875121,2791.93344132841,45929.6188668479,415477.183773005,0.894947473737844,8.77912399001858
76,0.0709247959426262,0.0684957716297402,44533.6521461837,3050.36686724329,43008.4687125621,369547.564906158,0.889453330626354,8.29816435654325
77,0.0756201881950385,0.0728651500164853,41483.2852789404,3022.68580502665,39971.9423764271,326539.096193595,0.88361858446156,7.87158234932197
78,0.0767111493758071,0.073877534098918,38460.5994739138,2841.37424909889,37039.9123493643,286567.153817168,0.877589106963385,7.45092790380282
79,0.0966444495518272,0.0921896409975336,35619.2252248149,3283.72358608598,33977.3634317719,249527.241467804,0.870746134523861,7.00540901417377
80,0.0999098896147781,0.0951563589551038,32335.5016387289,3076.92860092824,30797.0373382648,215549.878036032,0.863833049923104,6.66604404175574
81,0.120727592782749,0.113854879988933,29258.5730378007,3331.23132186622,27592.9573768676,184752.840697767,0.857123383140506,6.31448568797512
82,0.0999871481814677,0.0952264381884945,25927.3417159345,2468.96840330441,24692.8575142823,157159.8833209,0.850649347135039,6.06155019834957
83,0.134128963306021,0.125699023453802,23458.3733126301,2948.69461721233,21984.0260040239,132467.025806617,0.842880657630276,5.64689733773214
84,0.129889298892989,0.121968121968122,20509.6786954177,2501.5269926497,19258.9151990929,110482.999802593,0.834041521879434,5.38687131297076
85,0.146251089799477,0.136285162993805,18008.151702768,2454.24389002891,16781.0297577536,91224.0846035005,0.825684356566133,5.06571057980806
86,0.15229044834308,0.14151477414242,15553.9078127391,2201.10775115181,14453.3539371632,74443.054845747,0.816046060306429,4.78613193173074
87,0.157142857142857,0.145695364238411,13352.8000615873,1945.44106857564,12380.0795272995,59989.7009085837,0.805846845389245,4.49266825174438
88,0.181526390870185,0.166421448422429,11407.3589930117,1898.42920629163,10458.1443898659,47609.6213812842,0.793629917472583,4.17358841870854
89,0.218957345971564,0.197351559162751,9508.92978672005,1876.60211937833,8570.62872703089,37151.4769914184,0.78033548500394,3.90700928755445
90,0.225014961101137,0.202259279182356,7632.32766734173,1543.70909248009,6860.47312110168,28580.8482643875,0.76930584135294,3.74470928268492
91,0.232324331851394,0.208145678955812,6088.61857486164,1267.31964716754,5454.95875127786,21720.3751432858,0.759962578519756,3.56737326804536
92,0.249428474941827,0.221770532133304,4821.29892769409,1069.22202876844,4286.68791330987,16265.4163920079,0.748855223941006,3.37365855881234
93,0.267353309806956,0.235828539513958,3752.07689892565,884.846815217695,3309.6534913168,11978.7284786981,0.736453847230364,3.19255942812047
94,0.286075320975155,0.250276373967526,2867.23008370795,717.599948681031,2508.43010936744,8669.07498738127,0.723705775850717,3.02350168430511
95,0.305561588860544,0.265064781038063,2149.63013502692,569.791241053731,1864.73451450005,6160.64487801384,0.710646163169806,2.8659092453301
96,0.325769512236138,0.280139119996395,1579.83889397319,442.574677493727,1358.55155522633,4295.91036351378,0.697315045514969,2.7192078761334
97,0.346646749818945,0.295440078354947,1137.26421647946,335.99342922697,969.267501865978,2937.35880828746,0.683757006020229,2.58282883231867
98,0.368131407652952,0.310904543948265,801.270787252493,249.118728689804,676.711422907591,1968.09130642148,0.670020734568998,2.45621247864276
99,0.390152490268877,0.326466609856334,552.152058562689,180.259210684157,462.022453220611,1291.37988351389,0.656158522371589,2.33881204187754
100,0.412630622622201,0.342058679644651,371.892847878532,127.20917651462,308.288259621222,829.357430293277,0.642225762443014,2.23009782259691
101,0.435479037122688,0.357612634298975,244.683671363912,87.5019722863935,200.932685220716,521.069170672054,0.628280584027317,2.12956249907285
102,0.458604806474488,0.373061018401004,157.181699077519,58.6383647318593,127.862516711589,320.136485451339,0.614383854332505,2.03672874978564
103,0.481910289538034,0.388338201883787,98.5433343456596,38.2681412674263,79.4092637119465,192.273968739749,0.600599986186127,1.95116158811221
104,0.505294745088971,0.403381475237179,60.2751930782334,24.3138963041036,48.1182449261816,112.864705027803,0.586999403858823,1.87249014501391
105,0.52865605824711,0.418132040158581,35.9612967741298,15.0365703869151,28.4430115806722,64.7464601016212,0.573664371742005,1.80044842399007
106,0.551892517392583,0.432535863976343,20.9247263872147,9.0506946063625,16.3993790840334,36.303448520949,0.560701673326539,1.73495451501487
107,0.574904576224992,0.446544374135873,11.8740317808522,5.30228209005011,9.22289073582714,19.9040694369155,0.54826938618324,1.67626883642104
108,0.597596536554513,0.460114977938162,6.57174969080208,3.02376046399852,5.05986945880282,10.6811787010884,0.536632909915311,1.62531733611795
109,0.619878092352517,0.473211401829692,3.54798922680356,1.67894895569236,2.70851474895738,5.62130924228557,0.526281733467559,1.5843648001575
110,0.641665684068091,1,1.8690402711112,1.8690402711112,2.91279449332819,2.91279449332819,0.518170121546965,1.55844394492177
