"Edad","Mx","qx","lx","dx","Lx","Tx","P_x1","e_0"
25,0.000356208087472316,0.000356144656668809,1e+05,35.6144656668809,99982.1927671666,6117595.06416998,0.999821927671666,61.1759506416998
26,0.000433081449180132,0.000432987689712063,99964.3855343331,43.2833483459969,99942.7438601601,6017612.87140282,0.983656618047057,60.197567756129
27,0.000370644922164566,0.000370576246062627,99921.1021859871,37.0283869505233,99902.5879925119,5917670.12754266,0.983391629538831,59.2234272649221
28,0.000480329723113156,0.000480214392490066,99884.0737990366,47.9657698188373,99860.0909141272,5817767.53955015,0.983117918735021,58.2451968394411
29,0.000359635787030226,0.000359571129707113,99836.1080292178,35.8981821496272,99818.158938143,5717907.44863602,0.982835324678193,57.2729402368393
30,0.000408614965523112,0.000408531499480825,99800.2098470681,40.7715293773237,99779.8240823795,5618089.28969788,0.982542886565617,56.2933614899901
31,0.00040016006402561,0.000400080016003201,99759.4383176908,39.9117576786121,99739.4824388515,5518309.4656155,0.982239544632131,55.3161641512261
32,0.000448614901491645,0.000448514296393198,99719.5265600122,44.7256332917267,99697.1637433663,5418569.98317664,0.981925717819864,54.3381037806642
33,0.000489984712476971,0.000489864699370034,99674.8009267205,48.8271663907359,99650.3873435251,5318872.81943328,0.981600834896864,53.3622617751064
34,0.000485861432319502,0.000485743430320105,99625.9737603297,48.3926622433233,99601.7774292081,5219222.43208975,0.981264754633832,52.3881698225168
35,0.000530358089925161,0.00053021748735824,99577.5810980864,52.7977748470388,99551.1822106629,5119620.65466055,0.980916357038777,51.4133864089106
36,0.000448593339456988,0.000448492744028106,99524.7833232394,44.6361431714423,99502.4652516537,5020069.47244988,0.980554969024895,50.4403958976284
37,0.00049388259063868,0.000493760660741539,99480.1471800679,49.1193832022959,99455.5874884668,4920567.00719823,0.980179066087088,49.4628038526276
38,0.000680520111799733,0.000680288636750164,99431.0277968656,67.6417983505974,99397.2068976903,4821111.41970976,0.979787779062255,48.4869917020182
39,0.000657080037403018,0.000656864231216209,99363.385998515,65.2682541549541,99330.7518714376,4721714.21281207,0.979382926830661,47.5196589303291
40,0.000689021589343133,0.000688784295718058,99298.1177443601,68.3949840966778,99263.9202523117,4622383.46094063,0.9789629894156,46.5505647633807
41,0.000755956415202544,0.000755670788112517,99229.7227602634,74.9850028024348,99192.2302588622,4523119.54068832,0.978525381744916,45.5823055317414
42,0.000819152309481027,0.000818816941586656,99154.737757461,81.1895791143911,99114.1429679038,4423927.31042946,0.978069951641436,44.6163986762859
43,0.000777855265275468,0.000777552853484912,99073.5481783466,77.0349200909482,99035.0307183011,4324813.16746156,0.977595892515177,43.6525515334958
44,0.000966540637348267,0.000966073762573166,98996.5132582556,95.6379340450273,98948.6942912331,4225778.13674325,0.977100737792928,42.6861310329114
45,0.000973324816741187,0.000972851366552154,98900.8753242106,96.2158517123625,98852.7673983544,4126829.44245202,0.976584503234831,41.7269253575735
46,0.00101033145389955,0.00100982132677492,98804.6594724982,99.7750523200627,98754.7719463382,4027976.67505367,0.976046316239418,40.7670720850451
47,0.00103827288675665,0.00103773416113507,98704.8844201782,102.429430433707,98653.6697049613,3929221.90310733,0.975482784555841,39.8077757366188
48,0.00108370702541106,0.00108312013296233,98602.4549897445,106.798304158905,98549.055837665,3830568.23340237,0.974892314015927,38.8486091325087
49,0.00178509061275176,0.00178349875930521,98495.6566855855,175.666881495694,98407.8232448377,3732019.1775647,0.974272992978347,37.8901903205532
50,0.00149061316574007,0.00148950302932711,98319.9898040899,146.447922656602,98246.7658427616,3633611.35431986,0.97363147975326,36.9569948243497
51,0.00149049807477332,0.00148938810971826,98173.5418814333,146.218505967134,98100.4326284497,3535364.5884771,0.9729616746915,36.0113786334291
52,0.0018972201600264,0.00189542214347522,98027.3233754661,185.803159391464,97934.4217957704,3437264.15584865,0.972251678667544,35.064347750098
53,0.00215387266304816,0.00215155557468049,97841.5202160747,210.51146825611,97736.2644819466,3339329.73405288,0.971508031575307,34.129986192756
54,0.00194822062516235,0.00194632469020999,97631.0087478185,190.021642855986,97535.9979263906,3241593.46957094,0.970731771862695,33.2024989923436
55,0.00218747091129107,0.0021850810107162,97440.9871049626,212.916450588495,97334.5288796683,3144057.47164454,0.969911095008684,32.2662727980967
56,0.00246864816826306,0.00246560481286059,97228.0706543741,239.725998950575,97108.2076548988,3046722.94276488,0.969041746292012,31.3358366802871
57,0.00294845469383457,0.00294411439987382,96988.3446554235,285.544782119958,96845.5722643635,2949614.73510998,0.968126997603932,30.41205358839
58,0.00332686443027447,0.00332133960697481,96702.7998733035,321.182839324562,96542.2084536412,2852769.16284561,0.967166704481237,29.500378133655
59,0.0039490516713944,0.00394126953287629,96381.617033979,379.865930745372,96191.6840686063,2756226.95439197,0.966158422591283,28.597019216022
60,0.0036668412781561,0.00366013071895425,96001.7511032336,351.378958286345,95826.0616240904,2660035.27032337,0.965100230982312,27.7081953168016
61,0.00411652944901837,0.00410807394533102,95650.3721449473,392.938801669873,95453.9027441123,2564209.20869928,0.963975642468665,26.8081467034285
62,0.00415661035130062,0.00414798956312303,95257.4333432774,395.126839317803,95059.8699236185,2468755.30595516,0.962774526189097,25.9166683303187
63,0.00486059542293931,0.00484881136776887,94862.3065039596,459.969430149174,94632.321788885,2373695.43603155,0.961494818990641,25.0225355413688
64,0.00582800284292822,0.00581106937849904,94402.3370738104,548.578530228365,94128.0478086962,2279063.11424266,0.960132913282634,24.1420200483038
65,0.00661355779347663,0.00659176029962547,93853.758543582,618.661479538219,93544.4278038129,2184935.06643396,0.95869879722924,23.2802084896724
66,0.00694898626553303,0.00692492565888631,93235.0970640438,645.646115967553,92912.27400606,2091390.63863015,0.957186632572799,22.4313665613879
67,0.00784929356357928,0.00781860828772478,92589.4509480763,723.920648538517,92227.490623807,1998478.36462409,0.955573926606597,21.5842986880312
68,0.00855851524185018,0.00852204720639632,91865.5302995377,782.882385853292,91474.0891066111,1906250.87400028,0.953851143822037,20.7504476138628
69,0.00993308239230447,0.00988399313322582,91082.6479136845,900.260266534883,90632.517780417,1814776.78489367,0.952013614601182,19.9245062200373
70,0.0100849858356941,0.0100343875077513,90182.3876471496,904.925024025741,89729.9251351367,1724144.26711326,0.950058586524333,19.1184144941826
71,0.0111097083701553,0.0110483364720653,89277.4626231238,986.367446432504,88784.2788999076,1634414.34197812,0.947956834676386,18.3071325500999
72,0.0137471076629917,0.0136532612369044,88291.0951766913,1205.46138733975,87688.3644830215,1545630.06307821,0.945678230654503,17.5060696663128
73,0.0133537989255564,0.0132652283296485,87085.6337893516,1155.21081644791,86508.0283811276,1457941.69859519,0.943266913229945,16.7414719874664
74,0.0172296144660525,0.0170824524312896,85930.4229729037,1467.90236283523,85196.4717914861,1371433.67021406,0.940664274528616,15.9598151942824
75,0.0168213457076566,0.0166810468794938,84462.5206100685,1408.92326585676,83758.0589771401,1286237.19842258,0.937877803613945,15.2284964873432
76,0.0193109501865262,0.0191262768963269,83053.5973442117,1588.50610004143,82259.344294191,1202479.13944544,0.934881327425564,14.4783510636128
77,0.0218579234972678,0.0216216216216216,81465.0912441703,1761.40737825233,80584.3875550441,1120219.79515125,0.931591874157478,13.7509180686201
78,0.026185627000291,0.025847214244687,79703.6838659179,2060.11819297318,78673.6247694313,1039635.4075962,0.928063771142194,13.0437560369874
79,0.0286466908133026,0.028242168479143,77643.5656729448,2192.82266305671,76547.1543414164,960961.78282677,0.924325754784231,12.3765797525914
80,0.0264439805149617,0.0260989010989011,75450.743009888,1969.18147965367,74466.1522700612,884414.628485354,0.920343185640281,11.7217484308862
81,0.0307929176289453,0.0303260045489007,73481.5615302344,2228.40216922621,72367.3604456212,809948.476215292,0.915801763254875,11.0224722957478
82,0.0351257588898526,0.0345194971233752,71253.1593610081,2459.62322959372,70023.3477462113,737581.115769671,0.910651896298666,10.3515566521433
83,0.0484199796126402,0.0472754416521523,68793.5361314144,3252.24480342591,67167.4137297015,667557.76802346,0.905063529625292,9.70378622125548
84,0.0509977827050998,0.0497297297297297,65541.2913279885,3259.35070387835,63911.6159760493,600390.354293759,0.899383368830275,9.16049016015298
85,0.0557575757575758,0.0542452830188679,62281.9406241102,3378.50149611918,60592.6898760506,536478.738317709,0.893549895465545,8.61371262587202
86,0.0566666666666667,0.0551053484602917,58903.439127991,3245.89453865753,57280.4918586622,475886.048441659,0.887054815879456,8.07908766426368
87,0.0719424460431655,0.0694444444444444,55657.5445893334,3865.10726314816,53724.9909577594,418605.556582996,0.87963401733202,7.52109277675933
88,0.0829361296472831,0.0796338672768879,51792.4373261853,4124.43207997997,49730.2212861953,364880.565625237,0.871657243644095,7.04505492427869
89,0.0805902383654938,0.07746863066012,47668.0052462053,3692.77509272294,45821.6176998438,315150.344339042,0.863708221343659,6.61136002463895
90,0.0915395284327323,0.0875331564986737,43975.2301534824,3849.29070308997,42050.5848019374,269328.726639198,0.854603942140871,6.12455524847025
91,0.109779916563895,0.104067647721937,40125.9394503924,4175.81213123521,38038.0333847748,227278.14183726,0.843868920606194,5.66412014149211
92,0.123141075948076,0.115998957717012,35950.1273191572,4170.17729881611,33865.0386697491,189240.108452486,0.83263664038572,5.26396212098094
93,0.137876543733311,0.128984570355537,31779.9500203411,4099.12319929414,29730.388420694,155375.069782737,0.821047245498425,4.88909106789932
94,0.15406549259405,0.143046247315828,27680.8268210469,3959.63839935009,25701.0076213719,125644.681362043,0.80865406231343,4.53905088075293
95,0.171776547243515,0.158189890632661,23721.1884216969,3752.45220210497,21844.9623206444,99943.6737406706,0.79544691153846,4.21326587706946
96,0.191063769194068,0.17440274617324,19968.7362195919,3482.60243430587,18227.435002439,78098.7114200262,0.78142726294686,3.91104928029453
97,0.211962351664422,0.191650957806698,16486.133785286,3159.58333047944,14906.3421200463,59871.2764175873,0.766610297775476,3.63161413084145
98,0.234484219170758,0.209877713307618,13326.5504548066,2796.9459357334,11928.0774869399,44964.934297541,0.751026819336901,3.37408652374277
99,0.2586137925919,0.229002225559886,10529.6045190732,2411.3028691332,9323.95308450659,33036.8568106011,0.734724899006642,3.13752114343502
100,0.284304238968697,0.248919766569319,8118.30164993999,2020.80575164238,7107.8987741188,23712.9037260945,0.717771180897734,2.92091926964426
101,0.31147456473479,0.269502913410192,6097.49589829761,1643.2929090979,5275.84944374866,16605.0049519757,0.700251860496654,2.72324987649631
102,0.340007919360628,0.290604075778966,4454.20298919971,1294.40954300829,3806.99821769556,11329.155508227,0.682273539875041,2.54347535029214
103,0.369751442847133,0.312059261711343,3159.79344619142,986.042809978835,2666.772041202,7522.15729053148,0.663964519250267,2.38058512957489
104,0.400517908797068,0.333692914624222,2173.75063621259,725.365185464034,1811.06804348057,4855.38524932948,0.645477761471592,2.23364408430454
105,0.432089285789069,0.355323538748193,1448.38545074855,514.645443831372,1191.06272883287,3044.31720584891,0.626998075233953,2.10186950184811
106,0.464222173451683,0.376769739719887,933.740006917179,351.804979372231,757.837517231063,1853.25447701604,0.608758664654087,1.98476499163265
107,0.496654885083743,0.397856258028297,581.935027544948,231.526492474627,466.171781307634,1095.41695978498,0.591077465815019,1.88236986593898
108,0.529115771727608,0.418419573862509,350.408535070321,146.61778992191,277.099640109366,629.245178477347,0.574434394918316,1.79574729351575
109,0.561332241166796,0.438312712536727,203.790745148411,89.324074295881,159.128708000471,352.145538367981,0.559631683186045,1.72797610662609
110,0.593039843388694,1,114.46667085253,114.46667085253,193.01683036751,193.01683036751,0.548116643084695,1.68622734399411
