"Edad","Mx","qx","lx","dx","Lx","Tx","P_x1","e_0"
25,0.00194806837635669,0.00194617273757419,1e+05,194.617273757419,99902.6913631213,4853697.97720229,0.999026913631213,48.5369797720229
26,0.00179012087498432,0.00178852004145355,99805.3827262426,178.503927250827,99716.1307626172,4753795.28583917,0.979417200692676,47.6306503315398
27,0.00176805123274724,0.00176648961068034,99626.8787989917,175.989846342929,99538.8838758203,4654079.15507655,0.979023890435573,46.7150954760579
28,0.00178493219736722,0.00178334062631583,99450.8889526488,177.354810592483,99362.2115473526,4554540.27120073,0.978612550289944,45.7968784308129
29,0.00173456156009498,0.00173305851175704,99273.5341420563,172.046843337093,99187.5107203878,4455178.05965338,0.978183920740445,44.8778025095611
30,0.00184133299356355,0.00183963929929453,99101.4872987192,182.310990653262,99010.3318033926,4355990.54893299,0.977736577664843,43.9548453576971
31,0.00204527365946656,0.00204318422402914,98919.176308066,202.110100486598,98818.1212578227,4256980.2171296,0.977270306101182,43.0349339330526
32,0.00193699484055011,0.00193512068116248,98717.0662075794,191.029436401973,98621.5514893784,4158162.09587177,0.976786802799743,42.122018568989
33,0.00187922373604134,0.00187745965266996,98526.0367711774,184.978658775363,98433.5474417897,4059540.5443824,0.976282417756804,41.2027183617515
34,0.00216497725277357,0.00216263622365844,98341.058112402,212.675934546781,98234.7201451286,3961106.99694061,0.975752539883361,40.2792798142677
35,0.00225285190570791,0.00225031709013543,98128.3821778553,220.819975442168,98017.9721901342,3862872.27679548,0.97520018514496,39.3654943764804
36,0.00235061371226786,0.00234785426305529,97907.5622024131,229.872687302287,97792.625858762,3764854.30460534,0.974625624362748,38.4531513186073
37,0.00252454417952314,0.00252136153522902,97677.6895151108,246.280769193444,97554.5491305141,3667061.67874658,0.974024857817436,37.542469492783
38,0.00248233721596334,0.00247926003623534,97431.4087459174,241.557797977863,97310.6298469284,3569507.12961607,0.973397079821178,36.6361030345426
39,0.00270185511301956,0.00269821002674119,97189.8509479395,262.238630325212,97058.7316327769,3472196.49976914,0.972738356777734,35.7259165016011
40,0.00295286768881317,0.00294851440235881,96927.6123176143,285.792460904737,96784.7160871619,3375137.76813636,0.972046878211175,34.8212205731082
41,0.00344861562715538,0.00344267938818669,96641.8198567096,332.706801257545,96475.4664560808,3278353.0520492,0.971324217636128,33.9227164483244
42,0.00299512854578934,0.00299064985541313,96309.113055452,288.026835034255,96165.0996379349,3181877.58559312,0.970571971680787,33.0381776412071
43,0.00354402120831589,0.00353775227377188,96021.0862204178,339.698816106329,95851.2368123646,3085712.48595518,0.96977724722241,32.1357798314413
44,0.0039918335009294,0.00398388200410553,95681.3874043114,381.183357407886,95490.7957256075,2989861.24914282,0.968937081063567,31.2480967328458
45,0.00485872205827206,0.00484694707394034,95300.2040469035,461.915045151056,95069.246524328,2894370.45341721,0.968061796930214,30.3710834867961
46,0.00431907139964908,0.00430976430976431,94838.2890017525,408.730673138866,94633.923665183,2799301.20689288,0.967153739283067,29.5165722237055
47,0.00452655889145497,0.0045163371583944,94429.5583286136,426.475723130289,94216.3204670485,2704667.2832277,0.966193733124481,28.6421680996907
48,0.00512094657993925,0.00510786802030457,94003.0826054833,480.155339450597,93763.004935758,2610450.96276065,0.965165282601928,27.7698442477288
49,0.00569795665421494,0.00568176941628831,93522.9272660327,531.375707861901,93257.2394121018,2516687.95782489,0.964081683098693,26.9098501447243
50,0.00638977635782748,0.00636942675159236,92991.5515581708,592.302876166693,92695.4001200875,2423430.71841279,0.962944456772185,26.0607622714717
51,0.00743255106221104,0.00740503192326754,92399.2486820041,684.219386176177,92057.138988916,2330735.31829271,0.961750340368386,25.2246133116734
52,0.00653907759375155,0.00651776750004115,91715.029295828,597.777237209669,91416.1406772231,2238678.17930379,0.960502963049297,24.4090657386469
53,0.00825591216216216,0.00822197222193017,91117.2520586183,749.163515364569,90742.670300936,2147262.03862657,0.959165126313219,23.5659218217553
54,0.00912138627655869,0.00907997529553261,90368.0885432537,820.540011477247,89957.8185375151,2056519.36832563,0.957740290347154,22.7571413922438
55,0.0107053195016816,0.0106483226535997,89547.5485317765,953.531189605234,89070.7829369739,1966561.54978812,0.956257247112262,21.9610875119632
56,0.0104935607695278,0.0104387907271002,88594.0173421713,924.81440670801,88131.6101388173,1877490.76685114,0.954707350529369,21.192071690347
57,0.0120137718848436,0.0119420374280929,87669.2029354632,1046.94890274638,87145.7284840901,1789359.15671232,0.953058831662523,20.4103504628591
58,0.0125635369713244,0.0124851084107696,86622.2540327169,1081.48823238369,86081.509916525,1702213.42822823,0.951297799462347,19.6509943921029
59,0.014279565536623,0.0141783353025466,85540.7658003332,1212.82565955373,84934.3529705563,1616131.91831171,0.9494296611171,18.8931195926401
60,0.0157981782725679,0.0156743650657589,84327.9401407794,1321.78691901004,83667.0466812744,1531197.56534115,0.94744590338932,18.1576540679747
61,0.0183988464003418,0.0182311305153139,83006.1532217694,1513.29601296022,82249.5052152893,1447530.51865988,0.945358424951105,17.4388338993674
62,0.0173523711937273,0.0172031137856788,81492.8572088092,1401.93089528322,80791.8917611676,1365281.01344459,0.943179432726962,16.75338256881
63,0.0215059501574257,0.021277157414007,80090.926313526,1704.10724660653,79238.8726902227,1284489.12168342,0.940823983512866,16.0378856982516
64,0.0218544110557609,0.0216181847083135,78386.8190669194,1694.58073328581,77539.5287002765,1205250.2489932,0.938310981889536,15.3756749328515
65,0.0210579559673083,0.0208385473609336,76692.2383336336,1598.15484073144,75893.1609132679,1127710.72029292,0.935665204163991,14.704365719345
66,0.0278088708549042,0.0274275068568767,75094.0834929022,2059.64348991245,74064.261747946,1051817.55937965,0.932701570050203,14.0066635140313
67,0.0283061673240027,0.027911138643677,73034.4400029898,2038.47438068675,72015.2028126464,977753.297631708,0.929584497722563,13.3875647926058
68,0.0336381581597712,0.0330817535310315,70995.965622303,2348.67103641461,69821.6301040957,905738.094819062,0.926346243999299,12.7575994900551
69,0.0399925767838916,0.039208551284967,68647.2945858884,2691.56097034504,67301.5141007159,835916.464714966,0.922911898590239,12.1769760885348
70,0.0384185166064361,0.0376944344779553,65955.7336155433,2486.16407921657,64712.6515759351,768614.95061425,0.919487751537871,11.653497102989
71,0.0454777721001533,0.0444666500124906,63469.5695363268,2822.27913501528,62058.4299688191,703902.299038315,0.915806150369286,11.0903903111465
72,0.0414732281027546,0.0406306852637962,60647.2904013115,2464.14096839774,59415.2199171126,641843.869069496,0.911836585768217,10.5832241609201
73,0.0528745987949772,0.0515127410373865,58183.1494329137,2997.17350947725,56684.5626781751,582428.649152383,0.907430416055467,10.0102633636898
74,0.0559890404431473,0.054464337447129,55185.9759234365,3005.66761504318,53683.1421159149,525744.086474208,0.902675524700461,9.52676975765747
75,0.0603755061970794,0.0586063132817153,52180.3083083933,3058.09549585819,50651.2605604642,472060.944358293,0.897891115664411,9.04672585620506
76,0.0706033376123235,0.0681959082455053,49122.2128125351,3349.93391777983,47447.2458536452,421409.683797829,0.892701861558748,8.57880090634461
77,0.074662008202947,0.0719751052535237,45772.2788947553,3294.46459114366,44125.0465991835,373962.437944184,0.887408268775314,8.17006378039511
78,0.0735644153525736,0.0709545503461635,42477.8143036117,3013.9942136006,40970.8171968114,329837.391345,0.882006741527957,7.76493321872628
79,0.0961708829609214,0.0917586287861,39463.8200900111,3621.14601812076,37653.2470809507,288866.574148189,0.875784801020461,7.31978235987615
80,0.0823407560849301,0.0790848047749316,35842.6740718903,2834.61088158695,34425.3686310968,251213.327067238,0.869651768495601,7.00877748583645
81,0.112919379068603,0.106884701978907,33008.0631903033,3528.05699699652,31244.0346918051,216787.958436142,0.862963605342949,6.56772732123909
82,0.0997144488863507,0.0949790567372028,29480.0061933068,2799.98318084718,28080.0146028832,185543.923744337,0.8558774439448,6.29389025659237
83,0.135843423453309,0.127203541197484,26680.0230124596,3393.79340641523,24983.126309252,157463.909141453,0.848661093092032,5.90194052935851
84,0.134791813690896,0.126280991735537,23286.2296060444,2940.60816843272,21815.9255218281,132480.782832201,0.841340619285597,5.68923286738585
85,0.143763676148797,0.134122690619577,20345.6214376117,2728.80948953984,18981.2166928418,110664.857310373,0.835327622199668,5.43924684973219
86,0.145106589147287,0.135290796160361,17616.8119480719,2383.39251426201,16425.1156909409,91683.6406175314,0.828480177409829,5.20432646314114
87,0.150380517503805,0.139864099660249,15233.4194338099,2130.60849385676,14168.1151868815,75258.5249265906,0.820850092990307,4.94035664504568
88,0.160045402951192,0.148187073042564,13102.8109399531,1941.66720182174,12131.9773390422,61090.4097397091,0.811740727037881,4.66238962156068
89,0.191662430096594,0.174901414984922,11161.1437381314,1952.09983264928,10185.0938218067,48958.4324006669,0.801409461964103,4.38650675498457
90,0.186104218362283,0.170261066969353,9209.04390548208,1567.941641115,8425.07308492458,38773.3385788602,0.791964462047033,4.21035440560541
91,0.206990061327397,0.187576795160467,7641.10226436708,1433.29347424336,6924.4555272454,30348.2654939356,0.78270963002608,3.97171303876658
92,0.22092322639084,0.198947197963125,6207.80879012372,1235.02616428597,5590.29570798074,23423.8099666902,0.771833565624068,3.77328148443556
93,0.235515735057399,0.210703714909304,4972.78262583775,1047.78377270046,4448.89073948752,17833.5142587094,0.761341313990746,3.58622437386454
94,0.250761872472988,0.222823991769034,3924.99885313729,874.583912144931,3487.70689706483,13384.6235192219,0.750532022183188,3.4100961605437
95,0.266650720302833,0.235281702570573,3050.41494099236,717.706820863397,2691.56153056066,9896.91662215709,0.739424355712653,3.24444930070314
96,0.283165831093041,0.248046661558068,2332.70812012896,578.620461587387,2043.39788933527,7205.35509159643,0.728040395476827,3.0888369742538
97,0.300284976375815,0.26108502160365,1754.08765854158,457.966014225023,1525.10465142907,5161.95720226116,0.716405664487171,2.94281598592001
98,0.317979984111649,0.274359559867824,1296.12164431655,355.603363869851,1118.31996238163,3636.85255083209,0.704549148380966,2.80595001771597
99,0.336216679762874,0.287830048193132,940.518280446704,270.709421987497,805.163569452956,2518.53258845046,0.692503353723878,2.67781354260788
100,0.354954943118923,0.30145370225115,669.808858459207,201.916360183145,568.850678367635,1713.36901899751,0.680304486372227,2.55799695294991
101,0.374148889944213,0.315185700045126,467.892498276063,147.473024615004,394.155985968561,1144.51834062987,0.667992900501685,2.44611389335546
102,0.393747183660004,0.328979757217276,320.419473661059,105.411520652703,267.713713334707,750.362354661311,0.655614093740392,2.34181258113871
103,0.413693477738206,0.34278874393435,215.007953008356,73.7023061476302,178.156799934541,482.648641326603,0.643220756383035,2.24479436492215
104,0.433926984483285,0.356565326116721,141.305646860726,50.384694055029,116.113299833211,304.491841392062,0.630876822848064,2.15484552922486
105,0.454383160673473,0.370262612581478,90.920952805697,33.6646295242347,74.0886380435797,188.378541558851,0.618665316934701,2.07189361468116
106,0.474994495432646,0.383834789377674,57.2563232814623,21.9769687872801,46.2678388878223,114.289903515271,0.606703409897492,1.9961097214266
107,0.49569138103622,0.397237723223941,35.2793544941822,14.0142904560792,28.2722092661426,68.0220646274489,0.595171249036534,1.92809833407429
108,0.516403043436001,0.410429517467824,21.265064038103,8.72780997208098,16.9011590520625,39.7498553613063,0.584367081167161,1.86925632060558
109,0.537058506398066,0.423371006260745,12.537254066022,5.30790986967835,9.88329913118283,22.8486963092438,0.57481206161785,1.82246416870242
110,0.557587561496115,1,7.22934419634365,7.22934419634365,12.965397178061,12.965397178061,0.567445818465171,1.79344029360484
