"Edad","Mx","qx","lx","dx","Lx","Tx","P_x1","e_0"
25,9.46902445375565e-05,9.46857616285951e-05,1e+05,9.46857616285951,99995.2657119186,6744534.22936169,0.999952657119186,67.4453422936169
26,0.00020708221163802,0.000207060772336681,99990.5314238371,20.7041166629749,99980.1793655056,6644538.96364977,0.985173881203449,66.4516816645876
27,0.000200543696243148,0.00020052358937225,99969.8273071742,20.0463086005585,99959.8041528739,6544558.78428427,0.984953029862197,65.4653404989388
28,0.000137832808802922,0.000137823310515919,99949.7809985736,13.7754097025645,99942.8932937223,6444598.98013139,0.984726273008211,64.4783701949619
29,0.000143051283885273,0.000143041052782148,99936.005588871,14.2949514502748,99928.8581131459,6344656.08683767,0.98449199188315,63.4871891211971
30,0.000140848376722458,0.000140838458288343,99921.7106374208,14.0728196757083,99914.6742275829,6244727.22872452,0.984249917293318,62.4962001639899
31,0.000104172092296474,0.000104166666666667,99907.6378177451,10.4070456060151,99902.434294942,6144812.55449694,0.984000153959008,61.5049328431378
32,0.000161151697464547,0.000161138713575937,99897.230772139,16.097311256421,99889.1821165108,6044910.120202,0.983741988317963,60.5112881856571
33,0.000166412425461101,0.00016639858006545,99881.1334608826,16.6200787832186,99872.823421491,5945020.93808549,0.983475489274409,59.5209598859207
34,0.000232126276694522,0.000232099338516885,99864.5133820994,23.1784874972959,99852.9241383507,5845148.114664,0.983200593494688,58.5307825243129
35,0.000149053510210165,0.000149042402563529,99841.3348946021,14.8805924278414,99833.8945983882,5745295.19052565,0.982916955707616,57.5442545574004
36,0.000205044084478163,0.000205023065094823,99826.4543021743,20.4667256385801,99816.220939355,5645461.29592726,0.982623365503826,56.5527578375014
37,0.000147297098247165,0.000147286250828485,99805.9875765357,14.7000497203823,99798.6375516755,5545645.0749879,0.982319209058901,55.5642523023507
38,0.000186335403726708,0.000186318044902649,99791.2875268153,18.5929175903143,99781.9910680201,5445846.43743623,0.982004142673719,54.5723637043249
39,0.000227731147114321,0.00022770521932892,99772.694609225,22.718763309031,99761.3352275705,5346064.44636821,0.981677413747459,53.5824402388538
40,0.000191717791411043,0.000191699415316783,99749.9758459159,19.1220120475253,99740.4148398922,5246303.11114064,0.9813392943111,52.5945301404846
41,0.00041095378637875,0.000410869362218695,99730.8538338684,40.9763523082474,99710.3656577143,5146562.69630075,0.980988438386625,51.6045185462253
42,0.000383021692955883,0.000382948354192414,99689.8774815602,38.1760745112069,99670.7894443046,5046852.33064303,0.980625832902146,50.6255244578524
43,0.000435126582278481,0.000435031935298887,99651.701407049,43.3516725189353,99630.0255707895,4947181.54119873,0.980250900380197,49.6447272986428
44,0.000412560165024066,0.000412475079630606,99608.34973453,41.0859619886235,99587.8067535357,4847551.51562794,0.979861255395401,48.6661161292937
45,0.00054355211305884,0.000543404428746094,99567.2637725414,54.1052920921296,99540.2111264953,4747963.7088744,0.979456060150681,47.6859916500366
46,0.000428265524625268,0.000428173838578463,99513.1584804493,42.6089310556409,99491.8540149215,4648423.49774791,0.979035178609212,46.7116466679243
47,0.000548436954679164,0.000548286604361371,99470.5495493936,54.5383698463965,99443.2803644704,4548931.64373298,0.978596645924554,45.7314417618065
48,0.000841175542821092,0.000840821903410584,99416.0111795472,83.5911597494748,99374.2155996725,4449488.36336851,0.978139200992068,44.7562551602745
49,0.000874431619447359,0.00087404947120007,99332.4200197978,86.8214491913275,99289.0092952021,4350114.14776884,0.977666147771552,43.7934981036587
50,0.000997174671763337,0.000996677740863787,99245.5985706064,98.9158789740264,99196.1406311194,4250825.13847364,0.977175539325531,42.8313718663248
51,0.00113522537562604,0.00113458137284346,99146.6826916324,112.489979361147,99090.4377019518,4151628.99784252,0.976664262255036,41.8736046949244
52,0.001311270683734,0.00131041153162148,99034.1927122713,129.775548154984,98969.3049381938,4052538.56014057,0.976132154931607,40.9205997358367
53,0.00169517645245801,0.00169374085764878,98904.4171641163,167.518452352803,98820.6579379399,3953569.25520237,0.975578442137078,39.9736368562999
54,0.00143375221388209,0.0014327251274704,98736.8987117635,141.462835792843,98666.1672938671,3854748.59726443,0.975004697892188,39.0406084002837
55,0.00138901750162052,0.00138805348632767,98595.4358759706,136.855738503638,98527.0080067188,3756082.42997057,0.974403994241314,38.0959057242323
56,0.00152470014230535,0.00152353867248997,98458.580137467,150.005454477884,98383.5774102281,3657555.42196385,0.973768677912777,37.1481633886778
57,0.00216548894460907,0.00216314680935846,98308.5746829891,212.655879658085,98202.2467431601,3559171.84455362,0.973101275015704,36.2040834792968
58,0.00226514067715784,0.00226257814825841,98095.918803331,221.949682317748,97984.9439621722,3460969.59781046,0.972408680717838,35.2814840824238
59,0.00193050193050193,0.00192864030858245,97873.9691210133,188.76368200774,97779.5872800094,3362984.65384829,0.971688585758118,34.3603583675066
60,0.00168023781827582,0.00167882740362885,97685.2054390055,163.996599820117,97603.2071390955,3265205.06656828,0.970924759597663,33.425789011695
61,0.00248888888888889,0.00248579545454545,97521.2088391854,242.417777654225,97399.9999503583,3167601.85942918,0.970108092708041,32.4811586846983
62,0.00216992154899015,0.00216756982075865,97278.7910615312,210.858571704861,97173.3617756788,3070201.85947883,0.969251186142469,31.5608554133537
63,0.00345572354211663,0.00344976282880552,97067.9324898263,334.861345372407,96900.5018171401,2973028.49770315,0.968349520252009,30.6283282382135
64,0.00338327694538424,0.00337756332931242,96733.0711444539,326.722073829277,96569.7101075393,2876127.99588601,0.967406803570164,29.7326236193929
65,0.002710027100271,0.0027063599458728,96406.3490706247,260.91028165257,96275.8939297984,2779558.28577847,0.966423709151445,28.8316932709716
66,0.00388888888888889,0.00388134183532021,96145.4387889721,373.173313846856,95958.8521320487,2683282.39184867,0.965362879986223,27.908577106171
67,0.00376048597049465,0.00375342861267504,95772.2654751252,359.474361535045,95592.5282943577,2587323.53971662,0.964238258178284,27.0153736771385
68,0.00393224440411373,0.00392452830188679,95412.7911135902,374.450199087297,95225.5660140465,2491731.01142226,0.963053508064621,26.1152722013532
69,0.00598006644518272,0.0059622391520371,95038.3409145029,566.641317145098,94755.0202559303,2396505.44540822,0.961783368438437,25.2161961409252
70,0.00426136363636364,0.00425230333097094,94471.6995973578,401.722322880331,94270.8384359176,2301750.42515229,0.96046117047742,24.3644439018504
71,0.00675168792198049,0.00672897196261682,94069.9772744775,632.99423960396,93753.4801546755,2207479.58671637,0.959043848800558,23.4663561178014
72,0.00555918901242642,0.00554377955323659,93436.9830348735,517.994036064846,93177.9860168411,2113726.10656169,0.957529174575909,22.621943024132
73,0.00701320132013201,0.00698869475847893,92918.9889988087,649.382451379136,92594.2977731191,2020548.12054485,0.955917663254673,21.7452658742419
74,0.00875979714153988,0.00872159742942392,92269.6065474295,804.738363278017,91867.2373657905,1927953.82277173,0.954173673553417,20.894787513597
75,0.010233918128655,0.0101818181818182,91464.8681841515,931.278657874997,90999.228855214,1836086.58540594,0.952349876703106,20.0742276445339
76,0.0106132075471698,0.0105571847507331,90533.5895262765,955.77983077594,90055.6996108886,1745087.35655073,0.950438487172382,19.275578994294
77,0.0110213078618663,0.0109609061015711,89577.8096955006,981.853960856784,89086.8827150722,1655031.65693984,0.948394732634538,18.4759111945888
78,0.01640625,0.0162727624951569,88595.9557346438,1441.70094570129,87875.1052617932,1565944.77422477,0.946172097469245,17.6751270556296
79,0.015962441314554,0.015836050302748,87154.2547889425,1380.17916293621,86464.1652074744,1478069.66896298,0.943883649852661,16.9592370738795
80,0.0116838487972509,0.0116159890673044,85774.0756260063,996.350724729831,85275.9002636414,1391605.5037555,0.941501969072853,16.2240804532037
81,0.0230263157894737,0.0227642276422764,84777.7249012765,1929.89942864694,83812.775186953,1306329.60349186,0.938721210836326,15.4088778038462
82,0.018887722980063,0.0187110187110187,82847.8254726295,1550.16721258558,82072.7418663367,1222516.82830491,0.935841019783278,14.7561727942852
83,0.0234375,0.0231660231660232,81297.6582600439,1883.34343459561,80355.9865427461,1140444.08643857,0.93286575696456,14.0280065975661
84,0.0212483399734396,0.0210249671484888,79414.3148254483,1669.6833603248,78579.4731452859,1060088.09989582,0.929539740265842,13.3488288884175
85,0.0264797507788162,0.0261337432744043,77744.6314651235,2031.75823967271,76728.7523452872,981508.626750538,0.925874582354987,12.6247768913902
86,0.0323624595469256,0.0318471337579618,75712.8732254508,2411.23800081054,74507.2542250456,904779.874405251,0.921825697447702,11.9501458056027
87,0.031634446397188,0.0311418685121107,73301.6352246403,2282.74988588845,72160.2602816961,830272.620180205,0.917651512447685,11.3267953386817
88,0.0406976744186047,0.0398860398860399,71018.8853387518,2832.66209328355,69602.5542921101,758112.359898509,0.913088474161614,10.6747994745679
89,0.0462962962962963,0.0452488687782805,68186.2232454683,3085.34946812074,66643.5485114079,688509.805606399,0.908189658982175,10.0974914408705
90,0.043010752688172,0.0421052631578947,65100.8737773475,2741.08942220411,63730.3290662455,621866.257094991,0.903206101105979,9.55234885512973
91,0.0534495546076718,0.0520583079216512,62359.7843551434,3246.34485588782,60736.6119271995,558135.928028746,0.8975176280444,8.95025429931126
92,0.0597472402808563,0.0580141476705748,59113.4394992556,3429.41580842541,57398.7315950429,497399.316101546,0.891179533735246,8.41431864420289
93,0.066734634914795,0.0645797808653323,55684.0236908302,3596.06204765379,53885.9926670033,440000.584506503,0.884602310986441,7.90173833251494
94,0.0744744745582436,0.0718008107321762,52087.9616431764,3739.95787536657,50217.9827054931,386114.5918395,0.877531997537138,7.41274144080624
95,0.0830321113182152,0.0797223536469341,48348.0037678099,3854.41665450064,46420.7954405595,335896.609134007,0.869940210064975,6.94747627528
96,0.0924748296114371,0.0883879971245429,44493.5871133092,3932.69904983178,42527.2375883933,289475.813693447,0.861800345170975,6.50601204520229
97,0.10287093657616,0.0978385642094152,40560.8880634774,3968.41905118944,38576.6785378827,246948.576105054,0.853088805431499,6.08834243763553
98,0.114288599092518,0.10811068946933,36592.469012288,3956.03705430355,34614.4504851362,208371.897567171,0.843786592551674,5.6943929500138
99,0.126794405232423,0.119235225483459,32636.4319579844,3891.41232348584,30690.7257962415,173757.447082035,0.833881387609009,5.32403319412267
100,0.140451637061132,0.131235515560608,28745.0196344986,3772.36747153322,26858.835898732,143066.721285794,0.823370299738856,4.97709596670759
101,0.15531825522409,0.144125587808323,24972.6521629654,3599.19817212016,23173.0530769053,116207.885387062,0.812263567254902,4.65340583886395
102,0.171444614127892,0.157908346372213,21373.4539908452,3375.04677595695,19685.9306028667,93034.8323101562,0.800589667390287,4.35282160524945
103,0.188870949801765,0.172573855776075,17998.4072148883,3106.0545309012,16445.3799494377,73348.9017072895,0.788402578754176,4.07529959910093
104,0.207624710116982,0.188097831271313,14892.3526839871,2801.21924238548,13491.7430627943,56903.5217578518,0.775792417246197,3.82098940075714
105,0.227717827523247,0.204440458939471,12091.1334416016,2471.91686989942,10855.1750066519,43411.7786950575,0.76290144008648,3.59038124132283
106,0.249144065426549,0.22154567086773,9619.21657170217,2131.09578859974,8553.6686774023,32556.6036884056,0.749948623784729,3.3845379658236
107,0.271876597364405,0.239340990333549,7488.12078310243,1792.21424396496,6592.01366111995,24002.9350110033,0.737267782620442,3.2054684621498
108,0.295865998970181,0.25773803793679,5695.90653913747,1468.05177566862,4961.88065130316,17410.9213498833,0.725366349652737,3.05674280823433
109,0.321038841670324,0.276633752013637,4227.85476346885,1169.56732618712,3643.07110037529,12449.0406985802,0.715013321145328,2.94452893844586
110,0.347297069695218,1,3058.28743728173,3058.28743728173,8805.96959820489,8805.96959820489,0.707361298867729,2.87937931891445
