"Edad","Mx","qx","lx","dx","Lx","Tx","P_x1","e_0"
25,0.00157805292546735,0.00157680878161198,1e+05,157.680878161198,99921.1595609194,5387634.2454191,0.999211595609194,53.876342454191
26,0.00149253731343284,0.00149142431021626,99842.3191218388,148.90726192668,99767.8654908755,5287713.08585818,0.98145361117528,52.960639660278
27,0.00200825616423073,0.00200624164065983,99693.4118599121,200.009074172806,99593.4073228257,5187945.22036731,0.981132133330437,52.0389975985308
28,0.00210223500774508,0.00210002763194253,99493.4027857393,208.93889504604,99388.9333382163,5088351.81304448,0.980802918478816,51.1426051434016
29,0.00227100681302044,0.00226843100189036,99284.4638906933,225.219955895713,99171.8539127454,4988962.87970627,0.980467362126293,50.2491798233291
30,0.00167329010667224,0.00167189132706374,99059.2439347976,165.61629080008,98976.4357893975,4889791.02579352,0.980121749489027,49.362288985489
31,0.00136545401345948,0.001364522417154,98893.6276439975,134.942571833915,98826.1563580805,4790814.59000412,0.979758555065585,48.4441182322723
32,0.0014421690222094,0.00144112984579911,98758.6850721636,142.32408858937,98687.5230278689,4691988.43364604,0.979371742633439,47.5096284465268
33,0.00158646218931782,0.00158520475561427,98616.3609835742,156.327124412535,98538.1974213679,4593300.91061817,0.978966801725216,46.5774731982175
34,0.00152508769254232,0.00152392563242914,98460.0338591616,150.045769367817,98385.0109744777,4494762.7131968,0.978547410818747,45.6506313985852
35,0.00149894392587041,0.00149782135076253,98309.9880897938,147.250799154103,98236.3626902168,4396377.70222233,0.978111189121149,44.7195426186685
36,0.00143198090692124,0.00143095635583115,98162.7372906397,140.466592831824,98092.5039942238,4298141.33953211,0.977655158554607,43.7858749477024
37,0.00158067779463834,0.00157942951006097,98022.2706978079,154.819266983302,97944.8610643162,4200048.83553789,0.977177925003997,42.847903906309
38,0.00132000754290025,0.00131913690756619,97867.4514308246,129.100567231842,97802.9011472087,4102103.97447357,0.976680066137428,41.9148952435228
39,0.00128971743463478,0.00128888628507821,97738.3508635927,125.973619954247,97675.3640536156,4004301.07332636,0.976157868802007,40.9695993225312
40,0.00165663482246397,0.00165526373868903,97612.3772436385,161.574228498629,97531.5901293892,3906625.70927275,0.975607387590245,40.0218273500489
41,0.00163422968355371,0.00163289542047057,97450.8030151399,159.126969964602,97371.2395301576,3809094.11914336,0.975034314165832,39.0873548630644
42,0.0018736861347226,0.00187193242780505,97291.6760451752,182.123443344467,97200.614323503,3711722.8796132,0.974437166296102,38.1504670336827
43,0.00192579278469637,0.0019239402295902,97109.5526018308,186.832974928168,97016.1361143667,3614522.2652897,0.97381253464331,37.2210783434456
44,0.00219824954203135,0.00219583604424203,96922.7196269026,212.826401262717,96816.3064262713,3517506.12917533,0.973159347489428,36.2918636901206
45,0.00236537096901364,0.00236257678374547,96709.8932256399,228.4845484934,96595.6509513932,3420689.82274906,0.972475867028846,35.3706297117714
46,0.0026554802955665,0.0026519591828891,96481.4086771465,255.864757719435,96353.4762982868,3324094.17179766,0.971761353423806,34.4532093527055
47,0.00278055833611389,0.00277669795079691,96225.5439194271,267.189270615391,96091.9492841194,3227740.69549938,0.971013614140126,33.5434913020817
48,0.00300690220733957,0.00300238826339133,95958.3546488117,288.104237771935,95814.3025299257,3131648.74621526,0.970229346670225,32.6354985730681
49,0.00307263454654883,0.00306792124614533,95670.2504110397,293.508793860073,95523.4960141097,3035834.44368533,0.969404518100658,31.7322723693323
50,0.00319413226073583,0.00318903915431406,95376.7416171797,304.160163428081,95224.6615354656,2940310.94767122,0.968534682050003,30.828385388473
51,0.00364911883680801,0.00364247292852,95072.5814537516,346.299304189803,94899.4318016567,2845086.28613576,0.967614084622279,29.9254132225258
52,0.0036151353667354,0.00360861255529865,94726.2821495618,341.830451081671,94555.3669240209,2750186.8543341,0.96664444510379,29.0329863257156
53,0.00405144022165299,0.00404324972936312,94384.4516984801,381.619908785966,94193.6417440871,2655631.48741008,0.965618566325772,28.1363237230401
54,0.00420644316264074,0.00419761464892106,94002.8317896941,394.587663760483,93805.5379578139,2561437.84566599,0.9645306051722,27.2485179105723
55,0.00512807231099946,0.00511495737535521,93608.2441259336,478.802178685995,93368.8430365907,2467632.30770818,0.963377780914522,26.3612711759491
56,0.00553500763003388,0.00551973175135414,93129.4419472477,514.049537702115,92872.4171783966,2374263.46467159,0.962162578782531,25.4942305572546
57,0.00598515681110845,0.00596729920038191,92615.3924095455,552.663757068538,92339.0605310113,2281391.04749319,0.960883693591586,24.6329577421091
58,0.00663619341337152,0.00661424670316853,92062.728652477,608.925599474345,91758.2658527398,2189051.98696218,0.9595251061266,23.7778308225636
59,0.00784733885446227,0.0078166688299514,91453.8030530027,714.86409170492,91096.3710071502,2097293.72110944,0.958083103371119,22.9328212834839
60,0.00852717675039155,0.00849097472924188,90738.9389612977,770.4620376786,90353.7079424584,2006197.35010229,0.956564800585508,22.1095526690915
61,0.00932414776101675,0.00928087961457748,89968.4769236191,834.986603435002,89550.9836219016,1915843.64215983,0.954962701980515,21.2946101531354
62,0.010223642172524,0.0101716465352829,89133.4903201841,906.634357992973,88680.1731411877,1826292.65853793,0.953257676330545,20.4894103437164
63,0.0112282988682823,0.0111656134458733,88226.8559621912,985.106969218568,87734.3024775819,1737612.48539674,0.95144251786448,19.6948249651034
64,0.0116410178272132,0.0115736532751621,87241.7489929726,1009.70575396339,86736.8961159909,1649878.18291916,0.949508706219068,18.9115670188141
65,0.0132633497815633,0.0131759710253528,86232.0432390092,1136.19090317416,85663.9477874221,1563141.28680317,0.947428302880807,18.1271512084042
66,0.0146844777953877,0.0145774466992037,85095.8523358351,1240.48025174894,84475.6122099606,1477477.33901575,0.945197565625935,17.3625070841856
67,0.0153262860264113,0.0152097316773751,83855.3720840861,1275.4177091054,83217.6632295334,1393001.72680579,0.94282442784115,16.611955706415
68,0.016651279345819,0.0165137914684194,82579.9543749807,1363.70814602002,81898.1003019707,1309784.06357625,0.940260186596929,15.8607990703017
69,0.0196661101836394,0.0194746152192961,81216.2462289607,1581.65514486461,80425.4186565284,1227885.96327428,0.937472059265743,15.1187234117259
70,0.0213320692107134,0.0211069418386492,79634.5910840961,1680.84268235662,78794.1697429178,1147460.54461775,0.934500905571014,14.4090718492672
71,0.0231393964853322,0.0228747426158877,77953.7484017394,1783.17193063346,77062.1624364227,1068666.37487484,0.931331695793369,13.7089799629313
72,0.0252630807025263,0.0249479496695936,76170.576471106,1900.29970810508,75220.4266170535,991604.212438414,0.927889410345255,13.0182054328362
73,0.0291538371594497,0.028734969843648,74270.2767630009,2134.15416306422,73203.1996814688,916383.78582136,0.92414269153609,12.3384996766011
74,0.0306979323457181,0.0302338736419139,72136.1225999367,2180.9544157041,71045.6453920846,843180.586139892,0.920117312403278,11.688742834379
75,0.034570263749064,0.0339828654384853,69955.1681842326,2377.27706713138,68766.5296506669,772134.940747807,0.915740890433289,11.0375682138927
76,0.0372906170606726,0.0366080486980047,67577.8911171012,2473.8947289233,66340.9437526396,703368.41109714,0.910939751561991,10.4082622211208
77,0.0410083112613024,0.0401843647916946,65103.9963881779,2616.16274025971,63795.9150180481,637027.4673445,0.905681087313605,9.78476749025159
78,0.0486725663716814,0.0475161987041037,62487.8336479182,2969.18432020346,61003.2414878165,573231.552326452,0.899853745264727,9.17349056387955
79,0.0528717720391808,0.0515100580165917,59518.6493277147,3065.80907993976,57985.7447877449,512228.310838636,0.893580105211872,8.6061817031207
80,0.0599663631618628,0.0582207207207207,56452.840247775,3286.72504595717,54809.4777247964,454242.566050891,0.886797071616739,8.0464076573861
81,0.0673177968721024,0.0651257363274826,53166.1152018178,3462.48240019015,51434.8740017227,399433.088326095,0.879338745813056,7.5129259832104
82,0.0761058399037819,0.0733159537832706,49703.6328016277,3644.06924534479,47881.5981789553,347998.214324372,0.871230312397826,7.00146437410861
83,0.0881477069684336,0.0844266970907016,46059.5635562829,3888.65682049622,44115.2351460348,300116.616145417,0.862408494618526,6.51583716764243
84,0.0923452644432573,0.088269623577473,42170.9067357867,3722.41006348861,40309.7017040424,256001.380999382,0.853006355620578,6.07056857001693
85,0.110438729198185,0.104659498207885,38448.4966722981,4024.00036857026,36436.4964880129,215691.67929534,0.842541077135284,5.60988589836711
86,0.115714166874636,0.109385444108049,34424.4963037278,3765.53881637914,32541.7268955382,179255.182807327,0.831071385752801,5.20719842131475
87,0.135458548726785,0.126866006186399,30658.9574873486,3889.57949025851,28714.1677422194,146713.455911788,0.818461444819055,4.78533740008379
88,0.162686050536518,0.15044814340589,26769.3779970901,4027.40321979269,24755.6763871938,117999.288169569,0.804284020414025,4.4079951421507
89,0.173364546755105,0.15953563521034,22741.9747772974,3628.15539203369,20927.8970812806,93243.6117823753,0.790204866730899,4.10006662550067
90,0.203437917222964,0.184655002650913,19113.8193852638,3529.46236925494,17349.0882006363,72315.7147010947,0.775556773475002,3.78342565886377
91,0.218152562710638,0.19669752782383,15584.3570160088,3065.40449777289,14051.6547671224,54966.6265004584,0.760092418745415,3.52703845554839
92,0.242292490896397,0.216111405519211,12518.9525182359,2705.48842434424,11166.2083060638,40914.971733336,0.744360247995114,3.26824242473455
93,0.268187371776103,0.236477263839186,9813.46409389168,2320.6611377076,8653.13352503788,29748.7634272722,0.727087473533167,3.03142327140007
94,0.295769466068616,0.257664779012072,7492.80295618408,1930.63141788617,6527.487247241,21095.6299022343,0.709126278603395,2.81545237818157
95,0.324928760205021,0.279517175551106,5562.17153829791,1554.72247831578,4784.81029914002,14568.1426549933,0.690576328960453,2.61914659673574
96,0.355511567198767,0.301855080781072,4007.44905998213,1209.66885972694,3402.61463011866,9783.33235585333,0.671556600422224,2.44128676607481
97,0.387321339013212,0.324481947766035,2797.78020025519,907.829168800051,2343.86561585517,6380.71772573467,0.652202899139689,2.2806358144763
98,0.420121966028912,0.347190738257109,1889.95103145514,656.173493880694,1561.86428451479,4036.8521098795,0.632664268096063,2.13595592832444
99,0.453643622374189,0.369771403016739,1233.77753757445,456.21565107944,1005.66971203473,2474.98782536471,0.613098463356535,2.00602438445299
100,0.487590955332679,0.392018594767299,777.561886495006,304.818718088382,625.152527450815,1469.31811332998,0.593666804447196,1.88964780662435
101,0.5216531497158,0.413739018607371,472.743168406624,195.592294549896,374.947021131676,844.165585879166,0.574528809126293,1.78567484903995
102,0.555515168200105,0.434757872003839,277.150873856728,120.493524141956,216.904111785751,469.21856474749,0.555837116078141,1.6930077044969
103,0.588869317917687,0.454923942156597,156.657349714773,71.267179100049,121.023760164748,252.314452961739,0.53773331218794,1.61061356789918
104,0.621426250936472,0.474113090699748,85.3901706147237,40.4845977055255,65.147871761961,131.290692796991,0.520345510357664,1.53753871027344
105,0.652924580046612,0.492230035454035,44.9055729091982,22.1038717451784,33.853637036609,66.1428210350301,0.503789108168572,1.47293123659228
106,0.683138467053315,0.509208507456235,22.8017011640198,11.6108202171937,16.996291055423,32.289183998421,0.488173674680738,1.41608662293022
107,0.711882785259465,0.525009996102287,11.1908809468262,5.87532436227437,8.25321876568901,15.292892942998,0.473622775470134,1.36654951613395
108,0.73901572753225,0.539621383041912,5.31555658455182,2.86838799579339,3.88136258665512,7.03967417730901,0.460323249730993,1.32435316327322
109,0.764438983186031,0.553051803881749,2.44716858875843,1.3534110024156,1.77046308755063,3.15831159065389,0.448644569493582,1.29059828781811
110,0.788095807213222,1,1.09375758634283,1.09375758634283,1.38784850310326,1.38784850310326,0.439427353276415,1.26888125891202
