"Edad","Mx","qx","lx","dx","Lx","Tx","P_x1","e_0"
25,0.00192276878705336,0.00192092204258044,1e+05,192.092204258044,99903.953897871,4927891.36453358,0.99903953897871,49.2789136453358
26,0.00172320046844285,0.00172171703664081,99807.907795742,171.840975243404,99721.9873081202,4827987.41063571,0.979726835169929,48.3727944735225
27,0.00162139260514609,0.0016200792129183,99636.0668204985,161.418320712828,99555.3576601421,4728265.42332759,0.979345019191964,47.4553600338911
28,0.00174361432242817,0.00174209555105124,99474.6484997857,173.294342593863,99388.0013284888,4628710.06566745,0.978944634290416,46.5315548783007
29,0.00172614135834695,0.00172465286103084,99301.3541571919,171.260364551437,99215.7239749162,4529322.06433896,0.97852792680499,45.611886190083
30,0.0018824341764556,0.001880664063302,99130.0937926404,186.430404987576,99036.8785901466,4430106.34036404,0.978094795961612,44.6898229475189
31,0.00197123660392026,0.00196929563010526,98943.6633876529,194.849323935911,98846.2387256849,4331069.4617739,0.977644582097772,43.7730857488583
32,0.00192819031854761,0.00192633315008246,98748.8140637169,190.223114062267,98653.7025066858,4232223.22304821,0.977177406273877,42.8584713971086
33,0.00187018900654114,0.00186844183684982,98558.5909496547,184.150994711303,98466.515452299,4133569.52054153,0.976689863150547,41.9402254102133
34,0.00208516242317823,0.00208299073617278,98374.4399549434,204.913047102332,98271.9834313922,4035103.00508923,0.976178817130576,41.0177990028441
35,0.00241669568066848,0.00241377899603158,98169.526907841,236.959542100504,98051.0471367908,3936831.02165784,0.975645731148016,40.1023733704414
36,0.00207407092258929,0.00207192226572669,97932.5673657405,202.908666864856,97831.1130323081,3838779.97452104,0.975093915233502,39.1981960422285
37,0.00241234221598878,0.00240943602387023,97729.6586988757,235.473360269613,97611.9220187409,3740948.86148874,0.974515050697972,38.2785421671771
38,0.00239247885520448,0.00238962029718799,97494.1853386061,232.974084142941,97377.6982965346,3643336.93947,0.973907175523406,37.369786996182
39,0.00248474175572335,0.00248165861533087,97261.2112544631,241.369122847154,97140.5266930395,3545959.24117346,0.973272387398048,36.4581028288473
40,0.00266262855700675,0.00265908847455278,97019.842131616,257.98434401511,96890.8499596084,3448818.71448042,0.972605289546167,35.5475605680928
41,0.00337823571639711,0.0033725391003752,96761.8577876008,326.333148813628,96598.691213194,3351927.86452081,0.971906076259446,34.6410036057651
42,0.00312332470922779,0.00311845473586223,96435.5246387872,300.729818515185,96285.1597295296,3255329.17330762,0.971181154512404,33.7565351098665
43,0.00343239849309334,0.0034265179056454,96134.794820272,329.407595807209,95970.0910223684,3159044.01357809,0.970422296915768,32.8605685327987
44,0.00368711338635463,0.00368032849212988,95805.3872244648,352.595296301734,95629.089576314,3063073.92255572,0.969620527409598,31.9718338529249
45,0.0046630688210262,0.00465222200533542,95452.7919281631,444.067579078903,95230.7581386236,2967444.83297941,0.968780025557945,31.0880883946557
46,0.00449903270796779,0.00448893477577771,95008.7243490842,426.487966732882,94795.4803657177,2872214.07484078,0.967908162241045,30.231056090045
47,0.00417244033872209,0.00416375383149857,94582.2363823513,393.817149128718,94385.3278077869,2777418.59447507,0.966995677238657,29.3651186597796
48,0.0046915504381431,0.00468057087098284,94188.4192332226,440.855571446941,93967.9914474991,2683033.26666728,0.966016887769261,28.485808430692
49,0.00571517102477148,0.00569888597078463,93747.5636617756,534.256675347332,93480.435324102,2589065.27521978,0.964976956262558,27.6174139795319
50,0.00644186692596194,0.00642118471723422,93213.3069864283,598.539862264115,92914.0370552962,2495584.83989568,0.963894137309394,26.7728387778263
51,0.00708140691753965,0.00705642221898236,92614.7671241642,653.528900540829,92288.0026738938,2402670.80284038,0.962768632197982,25.9426318010306
52,0.0062913852606549,0.00627165655684409,91961.2382236234,576.749302680689,91672.863572283,2310382.80016649,0.961589410182705,25.1234416238318
53,0.00709459459459459,0.00706951691634405,91384.4889209427,646.04419031806,91061.4668257836,2218709.9365942,0.960321352995842,24.2788460360448
54,0.00864245907349356,0.00860527371056368,90738.4447306246,780.829152977879,90348.0301541357,2127648.46976842,0.958957471040326,23.4481478725448
55,0.0107053195016816,0.0106483226535997,89957.6155776467,957.897715819269,89478.6667197371,2037300.43961429,0.957536204200138,22.6473370434746
56,0.00994844072955232,0.00989919992767708,88999.7178618275,881.026000621083,88559.2048615169,1947821.77289455,0.956079788243369,21.8857072773933
57,0.010744023636852,0.0106866150146941,88118.6918612064,941.690535519171,87647.8465934468,1859262.56803303,0.954534236091881,21.0995252966477
58,0.0125395607557303,0.0124614303244022,87177.0013256872,1086.35012791037,86633.826261732,1771614.72143958,0.952858811821199,20.3220424481103
59,0.0138997898574575,0.0138038545189394,86090.6511977768,1188.38282457487,85496.4597854894,1684980.89517785,0.95109894650721,19.5721704010222
60,0.0149835847053887,0.0148721655294074,84902.268373202,1262.68058906843,84270.9280786677,1599484.43539236,0.949259685952424,18.8391248672128
61,0.0193067720572527,0.0191221782885254,83639.5877841335,1599.37110958697,82839.90222934,1515213.5073137,0.94731369295382,18.1159848757783
62,0.0175973982580803,0.017443914502738,82040.2166745466,1431.10252545689,81324.6654118181,1432373.60508436,0.945327901428093,17.4594078751228
63,0.0207321628688831,0.0205194565116924,80609.1141490897,1654.05521222829,79782.0865429755,1351048.93967254,0.943223845285093,16.7604985358569
64,0.0220418876211902,0.0218016132664009,78955.0589368614,1721.34766036734,78094.3851066777,1271266.85312956,0.940948041036683,16.1011450089115
65,0.0200197002369353,0.019821292074119,77233.711276494,1530.87194917956,76468.2753019042,1193172.46802288,0.938569636332114,15.4488557949956
66,0.0259549461312439,0.0256224317138023,75702.8393273145,1939.69083120506,74732.9939117119,1116704.19272098,0.935911800388242,14.7511533602156
67,0.0288646120554256,0.0284539558568013,73763.1484961094,2098.85337116697,72713.7218105259,1041971.19880927,0.933077179794932,14.1259046021365
68,0.0330741650888289,0.0325361127073137,71664.2951249424,2331.67758327532,70498.4563333048,969257.476998742,0.930215228699583,13.52497049345
69,0.0383687482601837,0.037646523273017,69332.6175416671,2610.13199986155,68027.5515417363,898759.020665438,0.927265501679079,12.9630043193639
70,0.0382034073309241,0.0374873353596758,66722.4855418056,2501.24819153678,65471.8614460372,830731.469123701,0.924309464519901,12.4505474035915
71,0.0474195196729688,0.0463212538684237,64221.2373502688,2974.80823904609,62733.8332307457,765259.607677664,0.921187695567738,11.9159897761525
72,0.0408542246982358,0.0400363967242948,61246.4291112227,2452.08633384331,60020.385944301,702525.774446918,0.91802280872876,11.470477293805
73,0.051748409257278,0.0504432307818975,58794.3427773794,2965.77660138934,57311.4544766847,642505.388502617,0.914564862774531,10.9280137875751
74,0.0555721007802728,0.0540697169018574,55828.56617599,3018.63476817239,54319.2487919038,585193.934025933,0.910800040743236,10.4819803571743
75,0.0592710762056694,0.0575651033907395,52809.9314078176,3040.00916154889,51289.9268270432,530874.685234029,0.907177355003996,10.0525539625193
76,0.0686440105398284,0.06636618982298,49769.9222462688,3303.04010727083,48118.4021926333,479584.758406986,0.9033860000229,9.636035918118
77,0.073066990733708,0.0704916831538067,46466.8821389979,3275.52873288752,44829.1177725542,431466.356214352,0.899666531621092,9.28545958654365
78,0.0743826242189825,0.0717154331612163,43191.3534061104,3097.48661833838,41642.6100969412,386637.238441798,0.896100548450913,8.95172778695792
79,0.097450536470125,0.0929228458794819,40093.866787772,3725.63620423262,38231.0486856557,344994.628344857,0.892295397451195,8.60467338236567
80,0.076126359399275,0.0733349962584186,36368.2305835394,2667.06405376917,35034.6985566548,306763.579659201,0.889183640716168,8.43493276238864
81,0.112669003505258,0.106660346053567,33701.1665297702,3594.57808447419,31903.8774875331,271728.881102546,0.885792509672835,8.06289244802586
82,0.0977727013135351,0.0932157247087008,30106.5884452961,2806.40746043487,28703.3847150786,239825.003615013,0.882589302402886,7.96586448347601
83,0.129540553989053,0.1216605654646,27300.1809848612,3321.35545590413,25639.5032569091,211121.618899934,0.88031529539282,7.73334136564912
84,0.13302752293578,0.124731182795699,23978.825528957,2990.90727027851,22483.3718938178,185482.115643025,0.87855576614794,7.73524605777858
85,0.141137855579869,0.131834440470107,20987.9182586785,2766.93046026523,19604.4530285459,162998.743749208,0.878784152230133,7.76631306355538
86,0.144622093023256,0.134869535750593,18220.9877984133,2457.45616528922,16992.2597157687,143394.290720662,0.879726355077254,7.86973199845667
87,0.14855403348554,0.13828279965996,15763.5316331241,2179.82528675674,14673.6189897457,126402.031004893,0.881499747093346,8.01863655599123
88,0.164585698070375,0.152071316203461,13583.7063463673,2065.69210301339,12550.8602948606,111728.412015147,0.883913107462825,8.22517869322363
89,0.175394001016777,0.161252629118953,11518.0142433539,1857.31007897037,10589.3592038688,99177.5517202866,0.887666350317777,8.61064673344308
90,0.167493796526055,0.154550658271322,9660.70416438358,1493.06818796999,8914.17007039858,88588.1925164178,0.893228265669088,9.1699519009203
91,0.215622457282343,0.194638266617701,8167.63597641359,1589.73450881352,7372.76872200683,79674.0224460192,0.899375189659203,9.75484493629503
92,0.136947218259629,0.128170894526035,6577.90146760008,843.095515206418,6156.35370999687,72301.2537240124,0.907463330008196,10.9915379669546
93,0.183308494783905,0.167918088737201,5734.80595239366,962.977654804669,5253.31712499132,66144.9000140155,0.914851356056745,11.5339386481608
94,0.215533980582524,0.194566170026293,4771.82829758899,928.436355884974,4307.6101196465,60891.5828890242,0.920578651961403,12.7606399668216
95,0.140552995391705,0.131324004305705,3843.39194170401,504.72961990085,3591.02713175359,56583.9727693777,0.929257708286264,14.722405007773
96,0.135897435897436,0.127250900360144,3338.66232180316,424.847786447942,3126.23842857919,52992.9456376241,0.936536320162783,15.8725083670646
97,0.118279569892473,0.111675126903553,2913.81453535522,325.400608009213,2751.11423135062,49866.7072090449,0.941006517170096,17.1138919804193
98,0.0816326530612245,0.0784313725490196,2588.41392734601,203.012857046746,2486.90749882264,47115.5929776943,0.944830641818443,18.202495543672
99,0.0534499514091351,1,2385.40107029926,2385.40107029926,44628.6854788717,44628.6854788717,0.94721689059501,18.7090909090909
