"Edad","Mx","qx","lx","dx","Lx","Tx","P_x1","e_0"
25,0.000978955736746319,0.000978476794010934,1e+05,97.8476794010934,99951.0761602994,5855656.97896267,0.999510761602994,58.5565697896267
26,0.00094214690903341,0.000941703297607876,99902.1523205989,94.0781862784323,99855.1132274597,5755705.90280237,0.982930851906218,57.6134324346843
27,0.000920975210417253,0.000920551307949983,99808.0741343205,91.8784531883176,99762.1349077263,5655850.78957491,0.982651109192559,56.6672670385698
28,0.00102076871736485,0.00102024799874431,99716.1956811322,101.735249086071,99665.3280565891,5556088.65466718,0.982361250567004,55.7190195305303
29,0.00100570339689555,0.00100519793140847,99614.4604320461,100.132249564663,99564.3943072638,5456423.32661059,0.982061962245173,54.775414161208
30,0.00105942468071912,0.00105886378750412,99514.3281824814,105.37211845023,99461.6421232563,5356858.93230333,0.981752809789941,53.8300265915512
31,0.00121798237936869,0.001217241090269,99408.9560640312,121.004666061884,99348.4537310002,5257397.29018007,0.981432842757259,52.8865556821026
32,0.00109427897274561,0.0010936805769165,99287.9513979693,108.589303965789,99233.6567459864,5158048.83644907,0.981103110865035,51.9504004647493
33,0.0010276089049857,0.00102708118609921,99179.3620940035,101.865256856072,99128.4294655755,5058815.17970309,0.980761396432551,51.0067323775311
34,0.00120498272326095,0.00120425716871962,99077.4968371475,119.31478582493,99017.839444235,4959686.75023751,0.980404812995878,50.0586602262438
35,0.00149724390019489,0.00149612386902647,98958.1820513225,148.053698202451,98884.1552022213,4860668.91079328,0.980035465054422,49.1184135564697
36,0.00127805879070437,0.00127724259514108,98810.1283531201,126.204504763962,98747.0261007381,4761784.75559106,0.979656266037243,48.191261715335
37,0.00136578463836184,0.00136485259101063,98683.9238483561,134.689009155524,98616.5793437783,4663037.72949032,0.979262601908918,47.2522529267871
38,0.00146245059288538,0.00146138199340403,98549.2348392006,144.018077257753,98477.2258005717,4564421.15014654,0.978851430105294,46.316150070512
39,0.00154421876056719,0.00154302737465718,98405.2167619428,151.841943272752,98329.2957903064,4465943.92434597,0.978425035166308,45.3832029571132
40,0.00127038416905882,0.00126957774332556,98253.3748186701,124.740297876408,98191.0046697319,4367614.62855566,0.977982415933557,44.4525659970077
41,0.00199863860848408,0.00199664332426645,98128.6345207937,195.927883035325,98030.670579276,4269423.62388593,0.977518390924933,43.5084381305768
42,0.00172627312643074,0.00172478440194976,97932.7066377583,168.912804849527,97848.2502353336,4171392.95330665,0.977038898170978,42.5944824412558
43,0.0019590964409748,0.00195717928948461,97763.7938329088,191.341272551212,97668.1231966332,4073544.70307132,0.976543027393818,41.6672117904257
44,0.00218351446578334,0.0021811331978387,97572.4525603576,212.818515473937,97466.0433026206,3975876.57987469,0.976023799831387,40.7479414070815
45,0.00255014995600093,0.00254690246439717,97359.6340448836,247.965491881721,97235.6512989428,3878410.53657207,0.975485646663184,39.8359194199938
46,0.00254948235172521,0.00254623655913978,97111.6685530019,247.269280788719,96988.0339126076,3781174.88527312,0.974928994653339,38.9363599824198
47,0.0022298516971649,0.00222736834662094,96864.3992722132,215.75269685338,96756.5229237865,3684186.85136052,0.974349762479817,38.0344778787822
48,0.00271028037383178,0.00270661253441598,96648.6465753598,261.590438255209,96517.8513562322,3587430.32843673,0.973737346441032,37.1182676173277
49,0.00370559934486641,0.00369874630891684,96387.0561371046,356.511268114476,96208.8005030474,3490912.4770805,0.973095546806538,36.2176480638115
50,0.00281013276859168,0.00280618988551559,96030.5448689901,269.479943711911,95895.8048971342,3394703.67657745,0.972440214088808,35.3502490401224
51,0.0035454150788674,0.0035391412165497,95761.0649252782,338.911931817744,95591.6089593693,3298807.87168032,0.971751347383046,34.4483206640857
52,0.00350698208250972,0.00350084338499729,95422.1529934605,334.058013089356,95255.1239869158,3203216.26272095,0.971022377574636,33.5688952956288
53,0.00404616429056348,0.00403799509478448,95088.0949803711,383.965261103139,94896.1123498196,3107961.13873403,0.970262662220002,32.6850710320319
54,0.00470921985815603,0.00469815752978802,94704.129719268,444.9349201426,94481.6622591967,3013065.02638421,0.969466763542457,31.8155611092764
55,0.00639490927419355,0.00637452701323578,94259.1947991254,600.857783492878,93958.765907379,2918583.36412501,0.96864267401073,30.963381029774
56,0.00553964894808913,0.00552434747524906,93658.3370156325,517.401197628335,93399.6364168184,2824624.59821764,0.967806721897235,30.1588164836428
57,0.00653066720527839,0.00650941180418079,93140.9358180042,606.292707066161,92837.7894644711,2731224.96180082,0.966933787776346,29.323572259759
58,0.00696254743441676,0.00693839298926358,92534.643110938,642.04171902494,92213.6222514255,2638387.17233635,0.966008735727408,28.5124260886081
59,0.00795304577342502,0.00792154556618296,91892.6013919131,727.931429121127,91528.6356773525,2546173.55008492,0.96504924553216,27.7081452861013
60,0.00718372931956711,0.00715801868521761,91164.6699627919,652.558411025361,90838.3907572793,2454644.91440757,0.964052475655361,26.9253968166551
61,0.0107887887132672,0.0107309019960979,90512.1115517666,971.276598521884,90026.4732525056,2363806.52365029,0.9629932662667,26.1159140265815
62,0.0105587329520458,0.0105032822757112,89540.8349532447,940.472664716793,89070.5986208863,2273780.05039778,0.961914618496998,25.3937776164928
63,0.0116078431372549,0.0115408608858391,88600.3622885279,1022.52445560684,88089.1000607245,2184709.4517769,0.960827082370916,24.6580193957037
64,0.0124303650120562,0.0123535852252773,87577.8378329211,1081.90028351451,87036.8876911638,2096620.35171617,0.959679260787251,23.9400789468684
65,0.0115230663486031,0.0114570561395751,86495.9375494066,990.988812348731,86000.4431432322,2009583.46402501,0.958487053881777,23.2332699194934
66,0.0149973502914679,0.0148857270599374,85504.9487370578,1272.80332917378,84868.5470724709,1923583.02088178,0.957204841360019,22.4967449170354
67,0.0169090294217112,0.016767270288397,84232.145407884,1412.34314902555,83525.9738333713,1838714.47380931,0.955879966629375,21.8291302555046
68,0.0174504041146216,0.017299462806155,82819.8022588585,1432.73808879023,82103.4332144634,1755188.49997593,0.954573711675675,21.1928603076108
69,0.022282570851612,0.0220370497899594,81387.0641700683,1793.53078537441,80490.298777381,1673085.06676147,0.953222441227487,20.5571374741489
70,0.0203920616617103,0.0201862421147492,79593.5333846938,1606.6943356718,78790.186216858,1592594.76798409,0.951891090072794,20.0090974763831
71,0.0254128587461921,0.0250940035622403,77986.839049022,1957.00201690402,77008.33804057,1513804.58176723,0.950527159952565,19.4110262734929
72,0.0245343341673617,0.024237014658931,76029.837032118,1842.73627466358,75108.4688947862,1436796.24372666,0.94912927403703,18.8977946002923
73,0.0297992749137855,0.0293617948159442,74187.1007574544,2178.26643043016,73097.9675422394,1361687.77483188,0.947725038102845,18.3547781343248
74,0.0326850351161534,0.0321594684385382,72008.8343270243,2315.76583483586,70850.9514096064,1288589.80728964,0.946318114259883,17.8948849725518
75,0.0314482508609752,0.0309614097702431,69693.0684921884,2157.79565173227,68614.1706663223,1217738.85588003,0.945016675586911,17.4728833473091
76,0.0378673129354741,0.0371636687973837,67535.2728404562,2509.85851198365,66280.3435844643,1149124.68521371,0.943654445832118,17.0151779489864
77,0.0468316234158117,0.0457601132208987,65025.4143284725,2975.57032190675,63537.6291675191,1082844.34162924,0.942321016650915,16.6526327100249
78,0.0457201787555861,0.0446983700218451,62049.8440065658,2773.52688720324,60663.0805629641,1019306.71246172,0.941323395501222,16.4272244158078
79,0.0529782359679267,0.0516111033616962,59276.3171193625,3059.3161297481,57746.6590544885,958643.63189876,0.940485940275565,16.1724560243575
80,0.0341056734517107,0.0335338265822111,56217.0009896144,1885.17116215772,55274.4154085356,900896.972844271,0.939762121050018,16.0253474391262
81,0.0612357484369253,0.059416540280132,54331.8298274567,3228.20935543636,52717.7251497385,845622.557435736,0.938645131380533,15.5640360378291
82,0.0615810413423283,0.0597415673770767,51103.6204720203,3053.01038564176,49577.1152791995,792904.832285997,0.937658090260033,15.5156293225862
83,0.0859794821690278,0.0824355971896956,48050.6100863786,3961.08073779983,46070.0697174787,743327.717006798,0.937474065914991,15.469683229215
84,0.07465718638903,0.0719706242350061,44089.5293485788,3173.15094944484,42502.9538738563,697257.647289319,0.938021859452528,15.8145858572608
85,0.0795053003533569,0.0764655904842821,40916.3783991339,3128.6950347681,39352.0308817499,654754.693415463,0.939042685241113,16.0022641062808
86,0.0873722387075503,0.0837150529142316,37787.6833643658,3163.39791235411,36205.9844081888,615402.662533713,0.939898054527148,16.2858002328358
87,0.102348993288591,0.097366320830008,34624.2854520117,3371.23928583035,32938.6658090965,579196.678125524,0.941167000709547,16.7280471080992
88,0.100154878678369,0.0953785644051131,31253.0461661814,2980.8706766171,29762.6108278728,546258.012316428,0.943130430382134,17.4785526316961
89,0.108681672025723,0.103080207380299,28272.1754895643,2914.30171255649,26815.024633286,516495.401488555,0.945515470424565,18.2686826374292
90,0.124721603563474,0.117400419287212,25357.8737770078,2977.0250136529,23869.3612701813,489680.376855269,0.948082742738843,19.3107821720947
91,0.12646793134598,0.118946474086661,22380.8487633549,2662.12304746787,21049.7872396209,465811.015585088,0.951255221980773,20.8129289693329
92,0.11617900172117,0.10980073200488,19718.725715887,2165.13051780784,18636.1604569831,444761.228345467,0.954810456310955,22.5552723210269
93,0.136298421807747,0.12760241773002,17553.5951980792,2239.88118712897,16433.6546045147,426125.067888484,0.958098504839753,24.2756576689836
94,0.14026402640264,0.131071703932151,15313.7140109502,2007.1945889449,14310.1167164777,409691.413283969,0.961434668263132,26.7532365428149
95,0.118942731277533,0.112266112266112,13306.5194220053,1493.87120330205,12559.5838203543,395381.296567491,0.965070986961206,29.7133520816601
96,0.132467532467532,0.124238733252132,11812.6482187032,1467.58845104474,11078.8539931809,382821.712747137,0.968234248991061,32.4077806821511
97,0.103333333333333,0.098256735340729,10345.0597676585,1016.47179967484,9836.82386782108,371742.858753956,0.97106001664932,35.9343364951962
98,0.0685920577617329,0.0663176265270506,9328.58796798365,618.649812885478,9019.26306154091,361906.034886135,0.973538633934239,38.7953714032843
99,0.012037037037037,0.0119650253106305,8709.93815509818,104.214630479776,8657.83083985829,352886.771824594,0.975078439727101,40.5154164749195
99,0.025,1,8605.7235246184,8605.7235246184,344228.940984736,344228.940984736,0.975465697410268,40
