"Edad","Mx","qx","lx","dx","Lx","Tx","P_x1","e_0"
25,0.000428510212826739,0.000428418421992146,1e+05,42.8418421992146,99978.5790789004,5609860.37581511,0.999785790789004,56.0986037581511
26,0.000439114019436858,0.000439017630038793,99957.1581578008,43.8829546798505,99935.2166804609,5509881.79673621,0.982178062842718,55.12243343331
27,0.000446884760442663,0.000446784929754512,99913.2752031209,44.6397456431696,99890.9553302994,5409946.58005575,0.981862547987934,54.1464241769422
28,0.000450565880416707,0.00045046439847256,99868.6354574778,44.9872647976281,99846.141825079,5310055.62472545,0.981535685454168,53.1704033043125
29,0.00045239769005074,0.000452295381357866,99823.6481926801,45.1497750278417,99801.0733051662,5210209.48290037,0.981196780432928,52.194140138453
30,0.000458937177862247,0.000458831890355811,99778.4984176523,45.7815570458357,99755.6076391294,5110408.40959521,0.980845093919408,51.2175317391938
31,0.000479494327790426,0.00047937939793934,99732.7168606065,47.8098097634922,99708.8119557247,5010652.80195608,0.980479914784926,50.240813242452
32,0.00051916831472949,0.000519033581834506,99684.907050843,51.7398143614388,99659.0371436623,4910943.99000035,0.980100634408994,49.2646693997075
33,0.000576980987079377,0.000576814581556063,99633.1672364815,57.4698636686163,99604.4323046472,4811284.95285669,0.979706745312798,48.2899930445551
34,0.000636436239885602,0.000636233778768678,99575.6973728129,63.3534222130311,99544.0206617064,4711680.52055204,0.979297748256314,47.3175749190231
35,0.000687642395221786,0.000687406050450275,99512.3439505999,68.4053873261312,99478.1412569368,4612136.49989034,0.978872926500958,46.3473808051381
36,0.000726260709357234,0.000725997077780884,99443.9385632738,72.1960087999585,99407.8405588738,4512658.3586334,0.978431223520964,45.3789182511321
37,0.00077012988133505,0.000769833445465048,99371.7425544738,76.4996909525763,99333.4927089975,4413250.51807453,0.977971334708135,44.4115238862322
38,0.000835183110478023,0.000834834490644707,99295.2428635212,82.8950934994102,99253.7953167715,4313917.02536553,0.977491988659566,43.4453544898913
39,0.000924579260283191,0.000924152034381022,99212.3477700218,91.6872930273831,99166.5041235081,4214663.23004876,0.976992187208709,42.4812367087463
40,0.00103297656373381,0.00103244331885793,99120.6604769944,102.336463670258,99069.4922451593,4115496.72592525,0.976471072844802,41.5200696415904
41,0.00114728753467982,0.00114662977765442,99018.3240133242,113.537358847111,98961.5553339006,4016427.23368009,0.975927695040776,40.5624643085216
42,0.00127825690181628,0.00127744045327825,98904.7866544771,126.344975495283,98841.6141667294,3917465.67834619,0.975360799642018,39.6084538560486
43,0.00143031318558791,0.00142929101869287,98778.4416789818,141.183139532247,98707.8501092156,3818624.06417946,0.974768990392672,38.6584764779904
44,0.00160280730809381,0.00160152384103556,98637.2585394495,157.969921165317,98558.2735788669,3719916.21407024,0.974150938021068,37.7130941101985
45,0.00178032249006244,0.00177873912542796,98479.2886182842,175.168963709654,98391.7041364294,3621357.94049138,0.973505243691759,36.7727873677899
46,0.00195628074827995,0.00195436910095634,98304.1196545745,192.122533949615,98208.0583875997,3522966.23635495,0.972830163227919,35.8374221623072
47,0.00214059784946996,0.00213830921941167,98111.9971206249,209.793787977924,98007.100226636,3424758.17796735,0.972123474425003,34.9066197659471
48,0.00235340692113178,0.00235064091383392,97902.203332647,230.132924708208,97787.1368702929,3326751.07774071,0.971382767736084,33.9803494149897
49,0.00258206778900414,0.00257873855013086,97672.0704079388,251.870733232047,97546.1350413228,3228963.94087042,0.970605814927186,33.0592351261141
50,0.00283132313661183,0.00282732060748654,97420.1996747067,275.438138125751,97282.4806056439,3131417.8058291,0.969790268077436,32.1434139560905
51,0.00307673598520983,0.00307201010319412,97144.761536581,298.42968891276,96995.5466921246,3034135.32522345,0.968933407600687,31.2331336989377
52,0.00337952011195971,0.00337381916709506,96846.3318476682,326.742010650512,96682.960842343,2937139.77853133,0.968031898285558,30.3278371260485
53,0.00373668167860141,0.00372971330291868,96519.5898370177,359.99039820738,96339.594637914,2840456.81768898,0.967082615015793,29.4288115240166
54,0.00417757631062945,0.00416886842763674,96159.5994388103,400.876718114652,95959.161079753,2744117.22305107,0.966083063105217,28.5371116255247
55,0.00463357066730296,0.00462286049191577,95758.7227206957,442.679216021821,95537.3831126848,2648158.06197132,0.965030954117528,27.654483964822
56,0.00511817977448131,0.00510511532547868,95316.0435046739,486.599394459703,95072.743807444,2552620.67885863,0.96392308129766,26.7805983652003
57,0.00558963301368717,0.00557405455400958,94829.4441102142,528.584494796736,94565.1518628158,2457547.93505119,0.962754848538658,25.9154522955438
58,0.00614010793347386,0.00612131516556816,94300.8596154174,577.245282089968,94012.2369743724,2362982.78318837,0.961520526003149,25.0579134996776
59,0.00672724625403787,0.00670469418960213,93723.6143333275,628.388172449172,93409.4202471029,2268970.546214,0.960214590794639,24.2091660928101
60,0.00743100717527726,0.00740349944652263,93095.2261608783,689.230455355961,92750.6109332003,2175561.1259669,0.958831805726625,23.3692017913711
61,0.00810910775275289,0.00807636170907832,92405.9957055223,746.304245405337,92032.8435828197,2082810.5150337,0.957367039782907,22.5397767659055
62,0.00877607827057435,0.00873773673980624,91659.691460117,800.898253630369,91259.2423333018,1990777.67145088,0.955813146266294,21.7192272823339
63,0.00941249771921958,0.00936840766134701,90858.7932064866,851.202214376393,90433.1920992984,1899518.42911758,0.954158998444667,20.9062696309504
64,0.010130177638155,0.0100791259698988,90007.5909921102,907.197847856603,89553.9920681819,1809085.23701828,0.952391516337481,20.0992518195144
65,0.011112464994553,0.0110510627207346,89100.3931442536,984.654033079256,88608.066127714,1719531.2449501,0.950497638123572,19.2988064841215
66,0.0123769013932688,0.0123007786311795,88115.7391111744,1083.89220072932,87573.7930108097,1630923.17882238,0.948469638811195,18.5088747512481
67,0.0139489535641135,0.0138523407352782,87031.8469104451,1205.59479822405,86429.049511333,1543349.38581157,0.946304158192146,17.7331567765035
68,0.0156712305525951,0.0155493915029971,85826.252112221,1334.54599532786,85158.9791145571,1456920.33630024,0.943999038515907,16.9752296115093
69,0.0173477388128001,0.0171985607429378,84491.7061168932,1453.13573992583,83765.1382469302,1371761.35718568,0.941548637222806,16.2354557651832
70,0.0190232983024125,0.0188440602130815,83038.5703769673,1564.78382019178,82256.1784668714,1287996.21893875,0.938936070907564,15.5108188049443
71,0.020562092212296,0.0203528436879489,81473.7865567755,1658.22324245537,80644.6749355479,1205740.04047188,0.936136319922859,14.7991162732034
72,0.022414504226398,0.0221660833420218,79815.5633143202,1769.19842841564,78930.9641001124,1125095.36553633,0.933116034776463,14.0961902518387
73,0.0245133628692604,0.0242165483506798,78046.3648859045,1890.01356885431,77101.3581014774,1046164.40143622,0.929845090009338,13.4043962581166
74,0.0273596546093829,0.0269904301855651,76156.3513170502,2055.49268341021,75128.6049753451,969063.043334742,0.926300915997878,12.7246516748208
75,0.030655667331711,0.0301928759512366,74100.85863364,2237.31803260561,72982.1996173372,893934.438359397,0.922472943848099,12.0637527667402
76,0.0347672148411827,0.0341731620085065,71863.5406010344,2455.80441546404,70635.6383933024,820952.23874206,0.918358442760882,11.4237655405785
77,0.0391130210233135,0.0383627789338375,69407.7361855704,2662.67363958515,68076.3993657778,750316.600348757,0.91395889424513,10.8102733439208
78,0.0442402935397813,0.0432828701005354,66745.0625459852,2888.91787202999,65300.6036099702,682240.200982979,0.909269767809835,10.2215830648587
79,0.0491834723223452,0.048002995326334,63856.1446739552,3065.28621434158,62323.5015667844,616939.597373009,0.904285025250807,9.66139751347435
80,0.0549026295942234,0.0534357480530013,60790.8584596136,3248.40499657358,59166.6559613269,554616.095806225,0.898979572988727,9.12334699426368
81,0.0602583052055674,0.0584958740885211,57542.4534630401,3365.99611251858,55859.4554067808,495449.439844898,0.893319619807791,8.61015493826882
82,0.066762593996798,0.0646059631529227,54176.4573505215,3500.12220734368,52426.3962468497,439589.984438117,0.887254983224388,8.11404078332349
83,0.073393721981131,0.0707957405321004,50676.3351431778,3587.66867391418,48882.5008062207,387163.588191268,0.880737964688024,7.6399287181561
84,0.0817797891037316,0.0785671851862297,47088.6664692636,3699.62397866324,45238.854479932,338281.087385047,0.873741998738601,7.18391733615676
85,0.0914296591868139,0.0874326887210383,43389.0424906004,3793.62064598457,41492.2321676081,293042.232905115,0.86626844902967,6.7538303701585
86,0.103773627649916,0.0986547471515171,39595.4218446158,3906.27633043823,37642.2836793967,251550.000737507,0.858408695032559,6.35300721696219
87,0.117976004978391,0.111404477388869,35689.1455141776,3975.93060446225,33701.1802119465,213907.71705811,0.850358642142575,5.99363515086498
88,0.134920163225904,0.126393638085311,31713.2149097153,4008.34860782026,29709.0406058052,180206.536846163,0.842449909356046,5.68237995924397
89,0.151767683951723,0.141063261692825,27704.8663018951,3908.13880530895,25750.7968992406,150497.496240358,0.835138940430519,5.43216829131797
90,0.168623632948859,0.155512123345781,23796.7274965861,3700.67962167504,21946.3876857486,124746.699341118,0.828895512931895,5.24217875584001
91,0.181620209389631,0.166500299738646,20096.0478749111,3345.99799473488,18423.0488775437,102800.311655369,0.824072397893778,5.11544918161297
92,0.194479092522381,0.177243969363903,16750.0498801762,2968.8453278058,15265.6272162733,84377.2627778253,0.820788005591796,5.03743352297036
93,0.204980955510629,0.185925375000039,13781.2045523704,2562.27562435172,12500.0667401946,69111.635561552,0.819078899768657,5.01491979884041
94,0.214502816989015,0.193725485778038,11218.9289280187,2173.39245648971,10132.2326997738,56611.5688213574,0.81913223962032,5.04607607237558
95,0.216734712207938,0.195544113613905,9045.53647152899,1768.80141148739,8161.1357657853,46479.3361215836,0.821021870428164,5.13837252968668
96,0.211613076062672,0.191365368882161,7276.73506004161,1392.51508902262,6580.4775155303,38318.2003557983,0.824413676124012,5.26585069260158
97,0.199700497411685,0.181570625316188,5884.21997101899,1068.40149963592,5350.01922120103,31737.722840268,0.828267573778826,5.39370094873796
98,0.187729556703985,0.171620441958847,4815.81847138307,826.492894452339,4402.5720241569,26387.703619067,0.831430274688357,5.47938087281944
99,0.181455615114641,1,3989.32557693073,3989.32557693073,21985.1315949101,21985.1315949101,0.833158197935203,5.5109895572436
