"Edad","Mx","qx","lx","dx","Lx","Tx","P_x1","e_0"
25,0.000569221386460663,0.000569059426062922,1e+05,56.9059426062922,99971.5470286969,6020175.830729,0.999715470286969,60.20175830729
26,0.000578741383356742,0.000578573961009457,99943.0940573937,57.824471804327,99914.1818214915,5920204.28370031,0.983393915752691,59.2357514997539
27,0.000593728965025902,0.000593552760292874,99885.2695855894,59.2871774751244,99855.6259968518,5820290.10187882,0.983123186796682,58.2697541491996
28,0.000608182273983656,0.000607997387366844,99825.9824081143,60.693936495462,99795.6354398665,5720434.47588196,0.982843531121478,57.30406391089
29,0.000622732901609551,0.000622539063830759,99765.2884716188,62.1077892879271,99734.2345769748,5620638.8404421,0.982554535698186,56.3386216443513
30,0.000640869241689173,0.000640663950779016,99703.1806823309,63.8762336411762,99671.2425655103,5520904.60586512,0.982255711955844,55.3734050216065
31,0.000679233526322816,0.000679002925547065,99639.3044486897,67.655379220135,99605.4767590796,5421233.36329961,0.98194657403433,54.4085829713046
32,0.000740256099503348,0.000739982211330617,99571.6490694696,73.6812490642622,99534.8084449374,5321627.88654053,0.981626786732078,53.445211928023
33,0.000826176741115213,0.000825835598033673,99497.9678204053,82.1689637580996,99456.8833385263,5222093.0780956,0.981296172793915,52.484419455898
34,0.000918837066754337,0.000918415129822362,99415.7988566472,91.3049738133215,99370.1463697405,5122636.19475707,0.980954593904941,51.5273855229355
35,0.00100532415222018,0.00100481906778145,99324.4938828339,99.8031453512134,99274.5923101583,5023266.04838733,0.980601756089678,50.574292926304
36,0.00107403374342142,0.00107345727875167,99224.6907374827,106.513466504034,99171.4340042307,4923991.45607717,0.980237042722029,49.6246591395735
37,0.00114680976266056,0.00114615255319181,99118.1772709786,113.604551946851,99061.3749950052,4824820.02207294,0.979859543849973,48.6774490301854
38,0.00124860017303802,0.00124782115818101,99004.5727190318,123.540000595478,98942.802718734,4725758.64707794,0.979468379226207,47.7327310980809
39,0.0013843893771057,0.00138343177298047,98881.0327184363,136.795162407806,98812.6351372324,4626815.8443592,0.979063085928031,46.7917427352732
40,0.00153498762657227,0.00153381043655146,98744.2375560285,151.454942112753,98668.5100849721,4528003.20922197,0.97864349080206,45.8558729227387
41,0.00166910822351998,0.00166771642392115,98592.7826139157,164.424802845315,98510.5702124931,4429334.699137,0.978209266750514,44.9255471009683
42,0.00179861009436947,0.00179699404855184,98428.3578110704,176.875173195225,98339.9202244728,4330824.1289245,0.977759510873792,43.9997600817171
43,0.00194066799564849,0.00193878672497472,98251.4826378752,190.488670247397,98156.2383027515,4232484.20870003,0.977293023845581,43.0780696134599
44,0.00211608022054418,0.00211384368913423,98060.9939676278,207.2856132487,97957.3511610034,4134327.97039728,0.97680883531686,42.1607797669491
45,0.00231457259161105,0.00231189706482062,97853.7083543791,226.227701126302,97740.5945038159,4036370.61923628,0.976306342442496,41.2490306920049
46,0.00252954978169965,0.00252635451194756,97627.4806532528,246.641626238418,97504.1598401336,3938630.02473246,0.975785029739834,40.3434565593415
47,0.00274216272420092,0.00273840814383309,97380.8390270144,266.668482644875,97247.5047856919,3841125.86489233,0.975244143464133,39.4443701992212
48,0.00295158716661771,0.0029472376522021,97114.1705443695,286.218539990742,96971.0612743741,3743878.36010664,0.974682551885496,38.5513086207757
49,0.00311177003466469,0.00310693599949327,96827.9520043787,300.838249839611,96677.5328794589,3646907.29883226,0.974098768189784,37.6637863689128
50,0.00324813666912822,0.0032428700266049,96527.1137545391,313.024883949277,96370.6013125645,3550229.7659528,0.973490542819552,36.7796117366646
51,0.00332960656973593,0.00332407264268125,96214.0888705899,319.822620655231,96054.1775602623,3453859.16464024,0.972855108636412,35.8976445672708
52,0.00343575699386669,0.00342986490270295,95894.2662499346,328.904378181102,95729.8140608441,3357804.98707998,0.972189318388068,35.0157013384756
53,0.00355762538191304,0.00355130826969341,95565.3618717535,339.382059911402,95395.6708417978,3262075.17301913,0.971490359199182,34.1344929703375
54,0.00376774551169565,0.0037606609050726,95225.9798118421,358.112619425627,95046.9235021293,3166679.50217733,0.970756139640551,33.254365126349
55,0.00403175043283591,0.00402363927813531,94867.8671924165,381.714076668331,94677.0101540824,3071632.5786752,0.969985303711103,32.3780081662966
56,0.0043423509052302,0.00433294332504528,94486.1531157482,409.403146452088,94281.4515425221,2976955.56852112,0.969176974221664,31.50679195156
57,0.00460963944797913,0.00459903949104876,94076.7499692961,432.662688298313,93860.4186251469,2882674.1169786,0.96832957383057,30.6417272909557
58,0.00484500491610812,0.00483329624407634,93644.0872809978,452.609615335204,93417.7824733302,2788813.69835345,0.967439809421287,29.7809907633043
59,0.00504064351783179,0.00502797141207872,93191.4776656626,468.564085552324,92957.1956228864,2695395.91588012,0.966502680860867,28.9232018141211
60,0.00531801328540369,0.00530391015307437,92722.9135801103,491.794002760184,92477.0165787302,2602438.72025724,0.965512600551473,28.0668350440562
61,0.00566249718084232,0.0056465105059316,92231.1195773501,520.783985667341,91970.7275845164,2509961.70367851,0.964465247208745,27.2138266908222
62,0.00608551443256374,0.00606705386064768,91710.3355916827,556.411545612813,91432.1298188763,2417990.97609399,0.963357716793158,26.3655231495334
63,0.00651691860268723,0.00649575245767231,91153.9240460699,592.113326148733,90857.8673829956,2326558.84627511,0.962186736541683,25.5234085709711
64,0.00695613057898501,0.00693202055889307,90561.8107199212,627.776333761077,90247.9225530407,2235700.97889212,0.9609475309303,24.6870171998485
65,0.00750341582170358,0.00747537041537966,89934.0343861601,672.290219986038,89597.8892761671,2145453.05633908,0.959633276808886,23.8558524698992
66,0.00819083419938303,0.00815742613689253,89261.7441661741,728.146084885763,88897.6711237312,2055855.16706291,0.95823824296158,23.0317611006528
67,0.00898205749370265,0.00894189916749001,88533.5980812883,791.658506977967,88137.7688277993,1966957.49593918,0.956758787025482,22.2170739534746
68,0.00977872369536575,0.00973114460818421,87741.9395743103,853.829502200174,87315.0248232103,1878819.72711138,0.955190811692799,21.4130179504428
69,0.0104682701833107,0.0104137631402223,86888.1100721102,904.832197992519,86435.6939731139,1791504.70228817,0.953526661678471,20.6185253747764
70,0.0112782702387657,0.0112150271851014,85983.2778741176,964.304798822357,85501.1254747065,1705069.00831505,0.951752460452537,19.8302396753393
71,0.0122032454451877,0.0121292374145712,85018.9730752953,1031.21530917329,84503.3654207086,1619567.88284035,0.949854741914992,19.0494877114784
72,0.0134472823912853,0.0133574715453335,83987.757766122,1121.86408451733,83426.8257238633,1535064.51741964,0.947823511248871,18.2772413295552
73,0.0147763735241515,0.0146680035743177,82865.8936816047,1215.47722471081,82258.1550692493,1451637.69169578,0.94565256067276,17.5179151180508
74,0.0163678923885437,0.0162350258108451,81650.4164568939,1325.59661864393,80987.6181475719,1369379.53662653,0.943334238605256,16.7712498729198
75,0.0181731816900347,0.0180095364014463,80324.8198382499,1446.61276681658,79601.5134548416,1288391.91847896,0.940858165335897,16.0397735229707
76,0.0205321889437241,0.0203235455055608,78878.2070714334,1603.08483081333,78076.6646560267,1208790.40502411,0.93821638252061,15.3247702997282
77,0.0230327261649331,0.0227704929011171,77275.12224062,1759.59262241299,76395.3259294135,1130713.74036809,0.935409261745034,14.6323125422857
78,0.025898255514771,0.0255671827983192,75515.529618207,1930.71934986059,74550.1699432767,1054318.41443867,0.932436192113006,13.961610542482
79,0.0284067981600808,0.028008975503186,73584.8102683464,2061.0351482127,72554.2926942401,979768.244495396,0.929290649843228,13.3148164807711
80,0.0314102498244309,0.0309245755032944,71523.7751201337,2211.84238398322,70417.8539281421,907213.951801156,0.925947495132783,12.6840893154391
81,0.0343387060931455,0.033759084453632,69311.9327361505,2339.90739088417,68141.9790407084,836796.097873014,0.922380102523405,12.0729009398489
82,0.0382631296141075,0.0375448381106238,66972.0253452663,2514.45384952862,65714.798420502,768654.118832306,0.918568000957565,11.4772416523108
83,0.0424065599235753,0.0415260710141492,64457.5714957377,2676.66969133161,63119.2366500719,702939.320411804,0.914506672363466,10.9054577158292
84,0.0475610394738826,0.0464562848745191,61780.9018044061,2870.11117403018,60345.846217391,639820.083761732,0.910206706585862,10.3562762127907
85,0.0535485490429036,0.0521522114175104,58910.7906303759,3072.32800772806,57374.6266265119,579474.237544341,0.905683101001462,9.8364702178271
86,0.0614373804964171,0.0596063514494166,55838.4626226479,3328.32702748066,54174.2991089076,522099.610917829,0.90098847729685,9.3501788264863
87,0.0709727125048422,0.0685404612782181,52510.1355951672,3599.06891547454,50710.60113743,467925.311808921,0.896237618308752,8.91114270617094
88,0.0819085735181903,0.0786860427590959,48911.0666796927,3848.61828415129,46986.757537617,417214.710671491,0.891626719355294,8.53006771256359
89,0.0924135981524618,0.088332056562871,45062.4483955414,3980.45874053642,43072.2190252732,370227.953133874,0.887379911743779,8.21588631589991
90,0.102226637519302,0.0972555819575504,41081.989655005,3995.45281187157,39084.2632490692,327155.734108601,0.883660272919213,7.96348319192822
91,0.110847230901368,0.105026293972051,37086.5368431334,3895.06152089223,35139.0060826873,288071.470859532,0.880533155392915,7.76754842540302
92,0.120326899406472,0.11349844162252,33191.4753222412,3767.1807242267,31307.8849601278,252932.464776845,0.878019833141264,7.6204044056866
93,0.13035354230849,0.122377379828924,29424.2945980145,3600.86807621938,27623.8605599048,221624.579816717,0.876220377689555,7.53202694727206
94,0.140402144362567,0.131192303962469,25823.4265217951,3387.83482159982,24129.5091109952,194000.719256812,0.875357414855565,7.5125862593438
95,0.146373207591375,0.136391198952425,22435.5917001953,3060.01725119671,20905.5830745969,169871.210145817,0.875621548190998,7.57150568684749
96,0.146486841410732,0.136489857365682,19375.5744489986,2644.56939292197,18053.2897525376,148965.62707122,0.876932747717217,7.68832054313204
97,0.139618222415547,0.130507602667473,16731.0050560766,2183.52336008593,15639.2433760336,130912.337318682,0.878809023883702,7.82453515971748
98,0.13089467820314,0.122854197856007,14547.4816959907,1787.21919458588,13653.8720986977,115273.093942649,0.880536520114504,7.92392087865066
99,0.125569378212714,1,12760.2625014048,12760.2625014048,101619.221843951,101619.221843951,0.881551959510249,7.96372502781691
