"Edad","Mx","qx","lx","dx","Lx","Tx","P_x1","e_0"
25,0.000158595897652781,0.000158583322320603,1e+05,15.8583322320603,99992.070833884,6612915.2458539,0.99992070833884,66.129152458539
26,0.000168498630036836,0.000168484435338567,99984.1416677679,16.8457716517052,99975.7187819421,6512923.17502002,0.984879275309543,65.1395617983247
27,0.000179234804903499,0.00017921874378521,99967.2958961162,17.9160131901063,99958.3378895212,6412947.45623808,0.984649639479029,64.1504543936276
28,0.000188822368947425,0.000188804543686821,99949.3798829261,18.8708970605766,99939.9444343958,6312989.11834855,0.984413042743351,63.1618637928835
29,0.000199813327628699,0.000199793366939956,99930.5089858656,19.9654528503096,99920.5262594404,6213049.17391416,0.984169156233151,62.1736968716225
30,0.00020535344480659,0.000205332361952662,99910.5435330152,20.5148678876083,99900.2860990714,6113128.64765472,0.983917634729343,61.1860213295171
31,0.000211785656842428,0.000211763232634768,99890.0286651276,21.1530353781071,99879.4521474386,6013228.36155565,0.983658075617728,60.198484692746
32,0.000223671199808109,0.000223646188202485,99868.8756297495,22.3352933546615,99857.7079830722,5913348.90940821,0.983390045056995,59.2111293145139
33,0.000245480313906005,0.00024545018731149,99846.5403363949,24.5073520279724,99834.2866603809,5813491.20142514,0.983113171654019,58.2242627720379
34,0.000271619617567901,0.000271582733968732,99822.0329843669,27.1099406282113,99808.4780140528,5713656.91476476,0.982827137222482,57.2384346816456
35,0.000299890253260854,0.000299845292920438,99794.9230437387,29.9230379320224,99779.9615247727,5613848.4367507,0.982531594125623,56.2538480468614
36,0.000334460642893313,0.000334404720284446,99765.0000058067,33.3618869211195,99748.3190623461,5514068.47522593,0.982226103421038,55.2705705899363
37,0.000377755425912675,0.000377684089805572,99731.6381188855,37.66705296775,99712.8045924017,5414320.15616358,0.981910213935408,54.2888922541252
38,0.000421480542828193,0.000421391738618825,99693.9710659178,42.0102157972819,99672.9659580191,5314607.35157118,0.98158350416739,53.309215138568
39,0.000457708648704228,0.000457603924067365,99651.9608501205,45.6011283260226,99629.1602859575,5214934.38561316,0.981245469445913,52.3314778868885
40,0.000479335421185341,0.000479220567489062,99606.3597217945,47.733416231398,99582.4930136788,5115305.22532721,0.980895414415796,51.3552070331102
41,0.0004914744308438,0.00049135368695698,99558.6263055631,48.9184981036106,99534.1670565113,5015722.73231353,0.980532443592883,50.3795895789018
42,0.000502974179968007,0.000502847720258135,99509.7078074595,50.0382297145341,99484.6886926022,4916188.56525702,0.980155568326122,49.4041101474171
43,0.00052755861323502,0.000527419490887417,99459.6695777449,52.456968292525,99433.4410935987,4816703.87656441,0.979763858246678,48.4287138396265
44,0.000566099985723538,0.000565939796468188,99407.2126094524,56.2584976716634,99379.0833606166,4717270.43547082,0.979356538487369,47.4540057169077
45,0.000610157015046721,0.000609970926026976,99350.9541117808,60.6011934812265,99320.6535150401,4617891.3521102,0.978932926420044,46.4805939046601
46,0.000652258894245178,0.000652046242764527,99290.3529182995,64.7419015631411,99257.981967518,4518570.69859516,0.978492206519832,45.5086578482931
47,0.000697639057252818,0.000697395791981393,99225.6110167364,69.1995235798545,99191.0112549465,4419312.71662764,0.978033323236842,44.5380247230953
48,0.00075764142779354,0.000757354526211247,99156.4114931565,75.096557047207,99118.8632146329,4320121.70537269,0.977555104692696,43.5687580895448
49,0.000838665548795898,0.000838314016253645,99081.3149361093,83.0612550597821,99039.7843085794,4221002.84215806,0.977056465077971,42.6014011307772
50,0.000933096958740751,0.000932661826783698,98998.2536810495,92.3318921265636,98952.0877349863,4121963.05784948,0.976536432688602,41.6367249378917
51,0.00102292325228264,0.00102240033374537,98905.921788923,101.121447446388,98855.3610651998,4023010.9701145,0.97599394115225,40.6751274074376
52,0.0010971400356198,0.00109653850747123,98804.8003414766,108.343268297436,98750.6287073279,3924155.6090493,0.975427518890811,39.7162445092458
53,0.00116386913565311,0.00116319223388318,98696.4570731791,114.802952379307,98639.0555969895,3825404.98034197,0.974835190408962,38.7592938367139
54,0.00124928994399134,0.0012485100684546,98581.6541207998,123.080187734727,98520.1140269325,3726765.92474498,0.974214741679933,37.8038485759052
55,0.00136492178442918,0.00136399091397306,98458.5739330651,134.296600247445,98391.4256329414,3628245.81071805,0.973564179769709,36.8504810275297
56,0.00150804970117707,0.00150691345098734,98324.2773328177,148.166176071433,98250.1942447819,3529854.38508511,0.972881819268615,35.9001304747647
57,0.00165875697029443,0.00165738237301259,98176.1111567462,162.715356082116,98094.7534787052,3431604.19084032,0.97216593560915,34.9535559150585
58,0.00179669824625948,0.00179508563265544,98013.3958006641,175.942438609543,97925.4245813593,3333509.43736162,0.971414315864125,34.0107534294718
59,0.00192695905403761,0.00192510425550006,97837.4533620546,188.34729781458,97743.2797131473,3235584.01278026,0.970623924599156,33.071016278467
60,0.00207041323090279,0.00206827214189894,97649.10606424,201.964925754003,97548.123601363,3137840.73306711,0.96979114764844,32.1338398223823
61,0.00227490672139477,0.00227232206102987,97447.141138486,221.431288593273,97336.4254941894,3040292.60946575,0.968912340714625,31.1994028141376
62,0.00254209496149291,0.00253886793979409,97225.7098498927,246.843237661615,97102.2882310619,2942956.18397156,0.967984520571757,30.2693206201858
63,0.00284559806253955,0.00284155510069498,96978.8666122311,275.570793081604,96841.0812156903,2845853.8957405,0.967005187246784,29.3450933709053
64,0.00316434600610446,0.00315934737198524,96703.2958191495,305.519303508542,96550.5361673952,2749012.81452481,0.965971169018678,28.4272918646526
65,0.00348566530690311,0.00347960094475561,96397.776515641,335.425794236164,96230.0636185229,2652462.27835741,0.964878106185152,27.5158035198772
66,0.00385236935628219,0.00384496324698782,96062.3507214048,369.356207943056,95877.6726174333,2556232.21473889,0.963720477986169,26.610135974627
67,0.00422472684885304,0.00421582150170892,95692.9945134618,403.424583832766,95491.2822215454,2460354.54212146,0.962492581047756,25.7109159832525
68,0.00463911781312707,0.00462838200841647,95289.569929629,441.036531052038,95069.051664103,2364863.25989991,0.961187999295741,24.8176506793593
69,0.00504809666682884,0.00503538710639485,94848.533398577,477.599082135656,94609.7338575091,2269794.20823581,0.959799345156165,23.9307254092962
70,0.00556785163850284,0.00555239418497263,94370.9343164413,523.984626929043,94108.9420029768,2175184.4743783,0.95831792436767,23.0493052774549
71,0.00614463895427613,0.0061258184828379,93846.9496895123,574.889378965973,93559.5050000293,2081075.53237532,0.956735190457869,22.175206964749
72,0.00685267753351531,0.00682927811316719,93272.0603105463,636.980840048824,92953.5698905219,1987516.02737529,0.955042715391862,21.3088037377744
73,0.00759109119841629,0.0075623878106421,92635.0794704975,700.542395825552,92284.8082725847,1894562.45748477,0.953231285378224,20.4518900217293
74,0.00848919810052619,0.00845331715854346,91934.5370746719,777.151799716074,91545.9611748139,1802277.64921219,0.95128964584514,19.6039236891825
75,0.00962833326389291,0.0095822029422279,91157.3852749558,873.488565387484,90720.6409922621,1710731.68803737,0.949205406162125,18.766791992523
76,0.01107732430159,0.0110163086896094,90283.8967095683,994.595275853413,89786.5990716416,1620011.04704511,0.946969684593648,17.9435215590713
77,0.0127486471244009,0.012667897844686,89289.3014337149,1131.10774918567,88723.7475591221,1530224.44797347,0.944576551354133,17.1378252870468
78,0.0143189090733534,0.0142171222330832,88158.1936845293,1253.35581546078,87531.5157767989,1441500.70041435,0.942019128189579,16.3512957805454
79,0.0158005765186658,0.0156767258653668,86904.8378690685,1362.38331964754,86223.6462092447,1353969.18463755,0.939277507286928,15.5799057663216
80,0.0173073892364143,0.0171589013441977,85542.454549421,1467.81453835403,84808.5472802439,1267745.5384283,0.936317866619449,14.8200743724963
81,0.0193683965569383,0.0191826281821205,84074.6400110669,1612.77255887792,83268.253731628,1182936.99114806,0.933102862751632,14.0700809541658
82,0.0220092444420513,0.0217696773667565,82461.867452189,1795.1682494944,81564.2833274418,1099668.73741643,0.929608885042292,13.3354818583755
83,0.0253180350796663,0.0250015401444549,80666.6992026946,2016.79171843683,79658.3033434762,1018104.45408899,0.925828314880471,12.6211245055504
84,0.0295789209454164,0.0291478401161538,78649.9074842578,2292.47492850143,77503.6700200071,938446.150745512,0.921758221346006,11.9319422077305
85,0.0352061413598418,0.0345971257106353,76357.4325557564,2641.74769307286,75036.5587092199,860942.480725505,0.917412767947913,11.2751627694769
86,0.0423568078721268,0.0414783623594715,73715.6848626835,3057.60588831099,72186.881918528,785905.922016285,0.912843702815097,10.6613120868409
87,0.0499779745877934,0.0487595234752148,70658.0789743725,3445.2542604645,68935.4518441402,713719.040097757,0.908148189374463,10.1010252536956
88,0.0571763203587418,0.0555871850097624,67212.824713908,3736.17172240073,65344.7388527076,644783.588253617,0.903413741302603,9.59316307562053
89,0.0635298742662949,0.0615739806421591,63476.6529915073,3908.51020252812,61522.3978902432,579438.84940091,0.898656324318532,9.12837747570645
90,0.069108594780914,0.0668003554334774,59568.1427889792,3979.17311081594,57578.5562335712,517916.451510666,0.893824174968848,8.69452071630622
91,0.0755578562043815,0.0728072753823936,55588.9696781632,4047.28142358156,53565.3289663724,460337.895277095,0.888826554812798,8.28110141170557
92,0.0826441501765337,0.07936463862012,51541.6882545816,4090.58746219576,49496.3945234838,406772.566310723,0.883639106152385,7.89210792439582
93,0.0914050112420252,0.0874101484415421,47451.1007923859,4147.70776397703,45377.2469103974,357276.171787239,0.878319241210395,7.52935476355837
94,0.100889129790952,0.0960442208589954,43303.3930284089,4159.04064396438,41223.8727064267,311898.924876842,0.872991118653667,7.2026440208097
95,0.112706761117517,0.106694183207802,39144.3523844445,4176.47470485667,37056.1150320161,270675.052170415,0.867829385039706,6.91479193504242
96,0.127013127895268,0.119428626207823,34967.8776795878,4176.16559267636,32879.7948832496,233618.937138399,0.863097412432802,6.68095842930644
97,0.141097990578184,0.131799657184379,30791.7120869115,4058.33709717504,28762.5435383239,200739.142255149,0.859258862804554,6.51925887357452
98,0.151867281545979,0.141149301212361,26733.3749897364,3773.39719884931,24846.6763903118,171976.598716825,0.856716815588634,6.43302982817737
99,0.156052402039157,1,22959.9777908871,22959.9777908871,147129.922326514,147129.922326514,0.855522922445838,6.40810386083692
