"Edad","Mx","qx","lx","dx","Lx","Tx","P_x1","e_0"
25,0.00454434400195456,0.00453404187894596,1e+05,453.404187894596,99773.2979060527,4579451.36516754,0.997732979060527,45.7945136516754
26,0.00404667836240849,0.00403850709277411,99546.5958121054,402.019633248705,99345.585995481,4479678.06726148,0.978212827269014,45.0008162581159
27,0.00367840824159363,0.00367165531800262,99144.5761788567,364.024710378215,98962.5638236676,4380332.481266,0.977823052347998,44.1812618510153
28,0.00348987763890676,0.00348379862344954,98780.5514684785,344.131549229472,98608.4856938637,4281369.91744234,0.977407522317789,43.3422354278772
29,0.00342774683234386,0.00342188215947746,98436.419919249,336.83782916451,98268.0010046668,4182761.43174847,0.97696800612997,42.4920109363968
30,0.00345415905212627,0.00344820373006238,98099.5820900845,338.26734488059,97930.4484176442,4084493.43074381,0.976506429398822,41.6361960338733
31,0.00353485665591205,0.00352862007283672,97761.3147452039,344.962537556835,97588.8334764255,3986562.98232616,0.976023844797858,40.7785328247311
32,0.00367428167242727,0.00366754387780076,97416.3522076471,357.278746136838,97237.7128345787,3888974.14884974,0.97552055896042,39.9211637545227
33,0.00383886584757766,0.00383151151822171,97059.0734615102,371.882957915704,96873.1319825524,3791736.43601516,0.97499656487474,39.0662748034454
34,0.00399212532507755,0.00398417266677629,96687.1905035945,385.218461631814,96494.5812727786,3694863.30403261,0.974451512224737,38.2146102786516
35,0.00409623513656663,0.00408786271312715,96301.9720419627,393.669240710952,96105.1374216072,3598368.72275983,0.973884126872173,37.3654728606375
36,0.00416576102127669,0.00415710227396951,95908.3028012518,398.70062366764,95708.9524894179,3502263.58533822,0.973292026241297,36.5167924261559
37,0.00423668026126057,0.00422772450278507,95509.6021775841,403.788285377427,95307.7080348954,3406554.6328488,0.972672258909897,35.6671429383077
38,0.00437462648937934,0.00436507869493579,95105.8138922067,415.1443619854,94898.241711214,3311246.92481391,0.972022257586636,34.8164511642462
39,0.00456354045105634,0.0045531512062017,94690.6695302213,431.140936187574,94475.0990621275,3216348.68310269,0.971340632738663,33.9669019034253
40,0.00477609796478011,0.00476471958103325,94259.5285940337,449.120221590956,94034.9684832383,3121873.58404056,0.970626599174878,33.1199787502244
41,0.00494210274719051,0.00492992065997197,93810.4083724428,462.477870355713,93579.1694372649,3027838.61555733,0.969878675112292,32.2761479039331
42,0.0051711111982295,0.00515777548295058,93347.9305020871,481.46766732784,93107.1966684232,2934259.44612006,0.96909373935703,31.4335779094155
43,0.00548954519995181,0.00547451889050311,92866.4628347592,508.399205083095,92612.2632322177,2841152.24945164,0.96826892836912,30.5939535406555
44,0.00591153122286075,0.00589410961634675,92358.0636296761,544.368550986839,92085.8793541827,2748539.98621942,0.967403273354994,29.7596103491311
45,0.00623557803487425,0.00621619724337863,91813.6950786893,570.732038252554,91528.329059563,2656454.10686524,0.966496438175948,28.9330922210299
46,0.00647616820704352,0.00645526551439734,91242.9630404367,588.997552746362,90948.4642640636,2564925.77780567,0.965544923654799,28.1109434890772
47,0.00670379877280261,0.00668140338090984,90653.9654876904,605.695711502338,90351.1176319392,2473977.31354161,0.964541483012475,27.2903374963508
48,0.00712280714005304,0.00709752997147426,90048.269776188,639.120293615895,89728.7096293801,2383626.19590967,0.96347940737476,26.4705385437621
49,0.00767594003097486,0.00764659263771068,89409.1494825721,683.67534417741,89067.3118104834,2293897.48628029,0.962356216010985,25.6561828353755
50,0.00830875759728876,0.00827438267732222,88725.4741383947,734.148526247934,88358.3998752708,2204830.17446981,0.961172060938559,24.8500241433559
51,0.00888939589146283,0.008850060047749,87991.3256121468,778.728515348534,87601.9613544725,2116471.77459454,0.959925076816169,24.0531866052756
52,0.00958182568835621,0.00953613887812115,87212.5970967983,831.671437836694,86796.7613778799,2028869.81324006,0.958609435568185,23.2634949626394
53,0.0103672609497097,0.0103137980319199,86380.9256589616,890.915421056818,85935.4679484332,1942073.05186218,0.957219156787952,22.4826608078922
54,0.0113056756879855,0.0112421257739635,85490.0102379048,961.089447511955,85009.4655141488,1856137.58391375,0.955750651158033,21.7117482937296
55,0.0121935922201175,0.012119700874968,84528.9207903928,1024.46523526342,84016.6881727611,1771128.1183996,0.954200881308107,20.9529247722384
56,0.0131328401818114,0.0130471670022783,83504.4555551294,1089.49657706209,82959.7072665983,1687111.43022684,0.952563178631776,20.2038492318894
57,0.0141786678061802,0.0140788580802749,82414.9589780673,1160.30851114389,81834.8047224953,1604151.72296024,0.950827369324714,19.4643271422018
58,0.0155627967006255,0.0154426314338615,81254.6504669234,1254.78561944794,80627.2576571994,1522316.91823775,0.948985620530033,18.7351358905598
59,0.0171567289861468,0.0170108041081865,79999.8648474755,1360.8620296018,79319.4338326746,1441689.66058055,0.947036483211042,18.0211512023079
60,0.0188703488569784,0.0186939680080618,78639.0028178737,1470.07500286321,77903.9653164421,1362370.22674787,0.944981617055689,17.3243578622569
61,0.0203875523956829,0.0201818234046317,77168.9278150105,1557.40967348731,76390.2229782668,1284466.26143143,0.942817331304716,16.6448633899716
62,0.021772742372015,0.0215382687833356,75611.5181415231,1628.54120084818,74797.2475410991,1208076.03845317,0.940527653180134,15.9774075186798
63,0.0230912265736826,0.0228276671564535,73982.976940675,1688.8587728453,73138.5475542523,1133278.79091207,0.938085645969048,15.318102052325
64,0.0246314827308242,0.0243318183490866,72294.1181678297,1759.04735096704,71414.5944923462,1060140.24335781,0.935462881560335,14.6642668895513
65,0.0267571376919055,0.0264038914128378,70535.0708168626,1862.40035064526,69603.87064154,988725.648865468,0.932636653556182,14.0175041637457
66,0.029687667907382,0.0292534347789482,68672.6704662174,2008.91148657969,67668.2147229275,919121.778223928,0.92960244257706,13.3840983900004
67,0.033481068111147,0.0329298055794016,66663.7589796377,2195.22462239156,65566.1466684419,851453.563501,0.926377313293907,12.7723605229203
68,0.0377383093824716,0.0370394070805962,64468.5343572461,2387.87628794744,63274.5962132724,785887.416832558,0.922995041093201,12.1902479196695
69,0.041685144334135,0.0408340575429225,62080.6580692987,2535.00516390424,60813.1554873466,722612.820619286,0.919486436787225,11.6399027183741
70,0.0452457888253434,0.0442448424268163,59545.6529053945,2634.58803000107,58228.3588903939,661799.665131939,0.915842684004376,11.1141558256721
71,0.0482759846610916,0.0471381640195126,56911.0648753934,2682.68311062141,55569.7233200827,603571.306241545,0.912015127903117,10.605517706672
72,0.0520416608712033,0.0507218365626249,54228.381764772,2750.56311692839,52853.1002063078,548001.582921463,0.907931800691261,10.1054386114368
73,0.0565785071424819,0.0550219764973573,51477.8186478436,2832.41132777687,50061.6129839551,495148.482715155,0.903553015441048,9.61867646534197
74,0.0624218778844389,0.0605325986441427,48645.4073200667,2944.63291718644,47173.0908614735,445086.8697312,0.898895756057978,9.14961749220665
75,0.0684168485094632,0.0661538302192477,45700.7744028803,3023.28127073628,44189.1337675121,397913.778869726,0.894013744126034,8.7069373346253
76,0.0747812985532654,0.0720859577878498,42677.493132144,3076.44796841498,41139.2691479365,353724.645102214,0.888947967841095,8.28831824791027
77,0.0810623332623619,0.0779047623578725,39601.045163729,3085.11001260368,38058.4901574272,312585.375954278,0.883696910244836,7.89336177017312
78,0.0890390591896927,0.0852440348570884,36515.9351511253,3112.76564886171,34959.5523266945,274526.885796851,0.878246095034868,7.51800233680693
79,0.0972932783818421,0.092779850471755,33403.1695022636,3099.14107170271,31853.5989664123,239567.333470156,0.872655269354695,7.17199406642898
80,0.107107242711471,0.101662830007308,30304.0284305609,3080.79329087273,28763.6317851245,207713.734503744,0.867036968250179,6.85432746935616
81,0.115994306832411,0.109635745670839,27223.2351396882,2984.63968411231,25730.915297632,178950.102718619,0.861522725717465,6.57343265046893
82,0.126814078498017,0.119252622765761,24238.5954555759,2890.51608023569,22793.337415458,153219.187420987,0.856211788053057,6.32128984956266
83,0.137344788513245,0.128519075865886,21348.0793753402,2743.63543283031,19976.261658925,130425.850005529,0.851237055886279,6.10948871382725
84,0.148598550240594,0.138321372528111,18604.4439425099,2573.39222125027,17317.7478318847,110449.588346604,0.846838171588852,5.93673149748026
85,0.158122756026457,0.146537314047504,16031.0517212596,2349.14726059,14856.4780909646,93131.8405147195,0.843206768887725,5.80946541337725
86,0.168045276182045,0.155020080095352,13681.9044606696,2120.96992534996,12621.4194979946,78275.3624237549,0.84047906699947,5.72108675723964
87,0.180090520637962,0.165213800925351,11560.9345353196,1910.02593682931,10605.921566905,65653.9429257602,0.83875616659982,5.6789477291115
88,0.195884369849705,0.178410459620979,9650.90859849033,1721.82303881672,8789.99707908197,55048.0213588552,0.838457203112723,5.70392111758952
89,0.209713093354176,0.189810246393434,7929.08555967361,1505.02168375626,7176.57471779548,46258.0242797733,0.840321289265232,5.8339670989346
90,0.218674349364309,0.197121627540304,6424.06387591735,1266.3219266437,5790.9029125955,39081.4495619778,0.844857733776289,6.08360226748166
91,0.21938922749914,0.197702345114428,5157.74194927365,1019.69767886646,4647.89310984042,33290.5466493823,0.851824766545265,6.45448085165845
92,0.220827800014387,0.198869808828003,4138.04427040718,822.932072977688,3726.57823391834,28642.6535395419,0.860383995529053,6.92178518832604
93,0.218901600561331,0.197306271270392,3315.1121974295,654.092426517811,2988.06598417059,24916.0753056235,0.869894099414577,7.51590710110602
94,0.21371843893832,0.193085475712817,2661.01977091168,513.804268347694,2404.11763673784,21928.0093214529,0.880074773112594,8.24045336346383
95,0.194899759342011,0.177593312416634,2147.21550256399,381.331113572687,1956.54994577765,19523.8916847151,0.890363160581758,9.09265588917443
96,0.168085010068484,0.155053892525344,1765.8843889913,273.807248262841,1628.98076485988,17567.3417389375,0.899786887912854,9.94818338530767
97,0.133685309695904,0.125309303193316,1492.07714072846,186.971146815358,1398.59156732078,15938.3609740776,0.907272210612873,10.6819952796114
98,0.104133137695105,0.0989796090652079,1305.1059939131,129.178881066179,1240.51655338002,14539.7694067568,0.912249975414945,11.1406808907238
99,0.0884205395454489,1,1175.92711284693,1175.92711284693,13299.2528533768,13299.2528533768,0.914681139798302,11.3095894363548
