"Edad","Mx","qx","lx","dx","Lx","Tx","P_x1","e_0"
25,0.000356208087472316,0.000356144656668809,1e+05,35.6144656668809,99982.1927671666,6328662.41238928,0.999821927671666,63.2866241238928
26,0.000433081449180132,0.000432987689712063,99964.3855343331,43.2833483459969,99942.7438601601,6228680.21962212,0.98420168650939,62.3089932112157
27,0.000370644922164566,0.000370576246062627,99921.1021859871,37.0283869505233,99902.5879925119,6128737.47576196,0.983954426887206,61.3357673372567
28,0.000480329723113156,0.000480214392490066,99884.0737990366,47.9657698188373,99860.0909141272,6028834.88776944,0.983699320065901,60.3583199850184
29,0.000359635787030226,0.000359571129707113,99836.1080292178,35.8981821496272,99818.158938143,5928974.79685532,0.98343625380806,59.3870786220969
30,0.000408614965523112,0.000408531499480825,99800.2098470681,40.7715293773237,99779.8240823795,5829156.63791717,0.98316434757134,58.4082603318135
31,0.00040016006402561,0.000400080016003201,99759.4383176908,39.9117576786121,99739.4824388515,5729376.81383479,0.982882631179726,57.4319273489612
32,0.000448614901491645,0.000448514296393198,99719.5265600122,44.7256332917267,99697.1637433663,5629637.33139594,0.982591565247025,56.4547137917665
33,0.000489984712476971,0.000489864699370034,99674.8009267205,48.8271663907359,99650.3873435251,5529940.16765258,0.982290659615431,55.4798215420376
34,0.000485861432319502,0.000485743430320105,99625.9737603297,48.3926622433233,99601.7774292081,5430289.78030905,0.981979843484306,54.506767415621
35,0.000530358089925161,0.00053021748735824,99577.5810980864,52.7977748470388,99551.1822106629,5330688.00287984,0.981658110071699,53.5330135969961
36,0.000448593339456988,0.000448492744028106,99524.7833232394,44.6361431714423,99502.4652516537,5231136.82066918,0.981324890491268,52.5611475453239
37,0.00049388259063868,0.000493760660741539,99480.1471800679,49.1193832022959,99455.5874884668,5131634.35541753,0.980978806583972,51.5845070688206
38,0.000680520111799733,0.000680288636750164,99431.0277968656,67.6417983505974,99397.2068976903,5032178.76792906,0.980619120420482,50.609743049319
39,0.000657080037403018,0.000656864231216209,99363.385998515,65.2682541549541,99330.7518714376,4932781.56103137,0.980247679686746,49.6438553443125
40,0.000689021589343133,0.000688784295718058,99298.1177443601,68.3949840966778,99263.9202523117,4833450.80915993,0.979863135911766,48.6761574031393
41,0.000755956415202544,0.000755670788112517,99229.7227602634,74.9850028024348,99192.2302588622,4734186.88890762,0.979463136344701,47.7093632554562
42,0.000819152309481027,0.000818816941586656,99154.737757461,81.1895791143911,99114.1429679038,4634994.65864876,0.97904767332036,46.7450649709373
43,0.000777855265275468,0.000777552853484912,99073.5481783466,77.0349200909482,99035.0307183011,4535880.51568085,0.978616125741815,45.7829622445299
44,0.000966540637348267,0.000966073762573166,98996.5132582556,95.6379340450273,98948.6942912331,4436845.48496255,0.978166305224326,44.8181995398969
45,0.000973324816741187,0.000972851366552154,98900.8753242106,96.2158517123625,98852.7673983544,4337896.79067132,0.977698413292374,43.8610555917842
46,0.00101033145389955,0.00100982132677492,98804.6594724982,99.7750523200627,98754.7719463382,4239044.02327297,0.977211821265333,42.9032805325632
47,0.00103827288675665,0.00103773416113507,98704.8844201782,102.429430433707,98653.6697049613,4140289.25132663,0.976703527634023,41.9461435535629
48,0.00108370702541106,0.00108312013296233,98602.4549897445,106.798304158905,98549.055837665,4041635.58162167,0.976172275965175,40.9891983119693
49,0.00178509061275176,0.00178349875930521,98495.6566855855,175.666881495694,98407.8232448377,3943086.525784,0.975616540915813,40.0331005292039
50,0.00149061316574007,0.00148950302932711,98319.9898040899,146.447922656602,98246.7658427616,3844678.70253916,0.975042946026838,39.1037337391916
51,0.00149049807477332,0.00148938810971826,98173.5418814333,146.218505967134,98100.4326284497,3746431.9366964,0.974446039983035,38.161319892289
52,0.0018972201600264,0.00189542214347522,98027.3233754661,185.803159391464,97934.4217957704,3648331.50406795,0.973814970007181,37.2174958821842
53,0.00215387266304816,0.00215155557468049,97841.5202160747,210.51146825611,97736.2644819466,3550397.08227218,0.973156380749235,36.2872231996338
54,0.00194822062516235,0.00194632469020999,97631.0087478185,190.021642855986,97535.9979263906,3452660.81779023,0.972471737043171,35.3643874223248
55,0.00218747091129107,0.0021850810107162,97440.9871049626,212.916450588495,97334.5288796683,3355124.81986384,0.971750483735957,34.4323771704994
56,0.00246864816826306,0.00246560481286059,97228.0706543741,239.725998950575,97108.2076548988,3257790.29098418,0.970989297237645,33.5066845311058
57,0.00294845469383457,0.00294411439987382,96988.3446554235,285.544782119958,96845.5722643635,3160682.08332928,0.970192001638766,32.5882671217704
58,0.00332686443027447,0.00332133960697481,96702.7998733035,321.182839324562,96542.2084536412,3063836.51106491,0.969359280778296,31.6830176073396
59,0.0039490516713944,0.00394126953287629,96381.617033979,379.865930745372,96191.6840686063,2967294.30261127,0.968489765003784,30.7869321342177
60,0.0036668412781561,0.00366013071895425,96001.7511032336,351.378958286345,95826.0616240904,2871102.61854267,0.967582695122639,29.9067734239064
61,0.00411652944901837,0.00410807394533102,95650.3721449473,392.938801669873,95453.9027441123,2775276.55691858,0.96662395101965,29.0148014553771
62,0.00415661035130062,0.00414798956312303,95257.4333432774,395.126839317803,95059.8699236185,2679822.65417446,0.965605624957933,28.1324255768811
63,0.00486059542293931,0.00484881136776887,94862.3065039596,459.969430149174,94632.321788885,2584762.78425084,0.964527551934998,27.2475220085752
64,0.00582800284292822,0.00581106937849904,94402.3370738104,548.578530228365,94128.0478086962,2490130.46246196,0.963388392015899,26.3778476216643
65,0.00661355779347663,0.00659176029962547,93853.758543582,618.661479538219,93544.4278038129,2396002.41465326,0.962199551699138,25.5291045540883
66,0.00694898626553303,0.00692492565888631,93235.0970640438,645.646115967553,92912.27400606,2302457.98684945,0.960958124569607,24.6951851754697
67,0.00784929356357928,0.00781860828772478,92589.4509480763,723.920648538517,92227.490623807,2209545.71284339,0.959646484523613,23.863903395242
68,0.00855851524185018,0.00852204720639632,91865.5302995377,782.882385853292,91474.0891066111,2117318.22221958,0.958259523626183,23.0480161091525
69,0.00993308239230447,0.00988399313322582,91082.6479136845,900.260266534883,90632.517780417,2025844.13311297,0.956797193663823,22.2418229983036
70,0.0100849858356941,0.0100343875077513,90182.3876471496,904.925024025741,89729.9251351367,1935211.61533256,0.955261850455815,21.4588642618814
71,0.0111097083701553,0.0110483364720653,89277.4626231238,986.367446432504,88784.2788999076,1845481.69019742,0.953633016449357,20.6713053437455
72,0.0137471076629917,0.0136532612369044,88291.0951766913,1205.46138733975,87688.3644830215,1756697.41129751,0.951890999855756,19.8966544449578
73,0.0133537989255564,0.0132652283296485,87085.6337893516,1155.21081644791,86508.0283811276,1669009.04681449,0.95008339858698,19.1651478457583
74,0.0172296144660525,0.0170824524312896,85930.4229729037,1467.90236283523,85196.4717914861,1582501.01843336,0.948168029079148,18.4160738849426
75,0.0168213457076566,0.0166810468794938,84462.5206100685,1408.92326585676,83758.0589771401,1497304.54664188,0.946163401603477,17.7274433183727
76,0.0193109501865262,0.0191262768963269,83053.5973442117,1588.50610004143,82259.344294191,1413546.48766474,0.944060772963663,17.0196900900795
77,0.0218579234972678,0.0216216216216216,81465.0912441703,1761.40737825233,80584.3875550441,1331287.14337054,0.941806410321822,16.3418112351996
78,0.026185627000291,0.025847214244687,79703.6838659179,2060.11819297318,78673.6247694313,1250702.7558155,0.939468815607262,15.6919065111156
79,0.0286466908133026,0.028242168479143,77643.5656729448,2192.82266305671,76547.1543414164,1172029.13104607,0.937096464844572,15.0949936532148
80,0.0264439805149617,0.0260989010989011,75450.743009888,1969.18147965367,74466.1522700612,1095481.97670465,0.934688351753599,14.5191675125199
81,0.0307929176289453,0.0303260045489007,73481.5615302344,2228.40216922621,72367.3604456212,1021015.82443459,0.93202430176527,13.8948574740684
82,0.0351257588898526,0.0345194971233752,71253.1593610081,2459.62322959372,70023.3477462113,948648.46398897,0.929122195059321,13.3137740487069
83,0.0484199796126402,0.0472754416521523,68793.5361314144,3252.24480342591,67167.4137297015,878625.116242759,0.926186200258239,12.7719138403402
84,0.0509977827050998,0.0497297297297297,65541.2913279885,3259.35070387835,63911.6159760493,811457.702513057,0.923553956644299,12.3808622941571
85,0.0557575757575758,0.0542452830188679,62281.9406241102,3378.50149611918,60592.6898760506,747546.086537008,0.921238512151506,12.0026139045453
86,0.0566666666666667,0.0551053484602917,58903.439127991,3245.89453865753,57280.4918586622,686953.396660957,0.918944542728135,11.6623648267511
87,0.0719424460431655,0.0694444444444444,55657.5445893334,3865.10726314816,53724.9909577594,629672.904802295,0.916616626197522,11.3133432214502
88,0.0829361296472831,0.0796338672768879,51792.4373261853,4124.43207997997,49730.2212861953,575947.913844536,0.914677937468775,11.1203091334987
89,0.0805902383654938,0.07746863066012,47668.0052462053,3692.77509272294,45821.6176998438,526217.692558341,0.913655002317416,11.0392220073071
90,0.0915395284327323,1,43975.2301534824,43975.2301534824,480396.074858497,480396.074858497,0.912922696542052,10.9242424242424
